file,type,line,frame
/home/gabriel/Disk/Research/research-javascript-test-smells/repositories/list.js/__test__/utils.get-by-class.test.js,Global Variable,"{'line': 4, 'column': 2, 'index': 96}","  2 |
  3 | describe('GetByClass', function () {
> 4 |   var el
    |  ^ Global Variable
  5 |
  6 |   beforeEach(function () {
  7 |     el = document.createElement('div')"
/home/gabriel/Disk/Research/research-javascript-test-smells/repositories/list.js/__test__/utils.get-by-class.test.js,Magic Number,"{'line': 17, 'column': 110, 'index': 478}","  15 |
  16 |   it('should use getElementsByClassName', function () {
> 17 |     expect(getByClass(document.body, 'foo', false, { test: true, getElementsByClassName: true }).length).toBe(1)
     |                                                                                                              ^ Magic Number
  18 |   })
  19 |   it('should use getElementsByClassName', function () {
  20 |     expect(getByClass(document.body, 'foo', false, { test: true, querySelector: true }).length).toBe(1)"
/home/gabriel/Disk/Research/research-javascript-test-smells/repositories/list.js/__test__/utils.get-by-class.test.js,Magic Number,"{'line': 20, 'column': 101, 'index': 643}","  18 |   })
  19 |   it('should use getElementsByClassName', function () {
> 20 |     expect(getByClass(document.body, 'foo', false, { test: true, querySelector: true }).length).toBe(1)
     |                                                                                                     ^ Magic Number
  21 |   })
  22 |   it('should toggle', function () {
  23 |     expect(getByClass(document.body, 'foo', false, { test: true, polyfill: true }).length).toBe(1)"
/home/gabriel/Disk/Research/research-javascript-test-smells/repositories/list.js/__test__/utils.get-by-class.test.js,Magic Number,"{'line': 23, 'column': 96, 'index': 783}","  21 |   })
  22 |   it('should toggle', function () {
> 23 |     expect(getByClass(document.body, 'foo', false, { test: true, polyfill: true }).length).toBe(1)
     |                                                                                                ^ Magic Number
  24 |   })
  25 | })
  26 |"
/home/gabriel/Disk/Research/research-javascript-test-smells/repositories/list.js/__test__/utils.classes.test.js,Duplicate Assert,"{'line': 21, 'column': 4, 'index': 458}","  19 |   it('should remove', function () {
  20 |     el.setAttribute('class', 'show')
> 21 |     expect(el.getAttribute('class')).toBe('show')
     |    ^ Duplicate Assert
  22 |     classes(el).remove('show')
  23 |     expect(el.getAttribute('class')).toBe('')
  24 |   })"
/home/gabriel/Disk/Research/research-javascript-test-smells/repositories/list.js/__test__/utils.classes.test.js,Duplicate Assert,"{'line': 23, 'column': 4, 'index': 539}","  21 |     expect(el.getAttribute('class')).toBe('show')
  22 |     classes(el).remove('show')
> 23 |     expect(el.getAttribute('class')).toBe('')
     |    ^ Duplicate Assert
  24 |   })
  25 |   it('should toggle', function () {
  26 |     classes(el).toggle('show')"
/home/gabriel/Disk/Research/research-javascript-test-smells/repositories/list.js/__test__/utils.classes.test.js,Duplicate Assert,"{'line': 27, 'column': 4, 'index': 657}","  25 |   it('should toggle', function () {
  26 |     classes(el).toggle('show')
> 27 |     expect(el.getAttribute('class')).toBe('show')
     |    ^ Duplicate Assert
  28 |     classes(el).toggle('show')
  29 |     expect(el.getAttribute('class')).toBe('')
  30 |   })"
/home/gabriel/Disk/Research/research-javascript-test-smells/repositories/list.js/__test__/utils.classes.test.js,Duplicate Assert,"{'line': 29, 'column': 4, 'index': 738}","  27 |     expect(el.getAttribute('class')).toBe('show')
  28 |     classes(el).toggle('show')
> 29 |     expect(el.getAttribute('class')).toBe('')
     |    ^ Duplicate Assert
  30 |   })
  31 |   it('should array', function () {
  32 |     el.setAttribute('class', 'foo bar')"
/home/gabriel/Disk/Research/research-javascript-test-smells/repositories/list.js/__test__/utils.classes.test.js,Duplicate Assert,"{'line': 36, 'column': 4, 'index': 958}","  34 |   })
  35 |   it('should has', function () {
> 36 |     expect(classes(el).has('show')).toBe(false)
     |    ^ Duplicate Assert
  37 |     el.setAttribute('class', 'show')
  38 |     expect(classes(el).has('show')).toBe(true)
  39 |   })"
/home/gabriel/Disk/Research/research-javascript-test-smells/repositories/list.js/__test__/utils.classes.test.js,Duplicate Assert,"{'line': 38, 'column': 4, 'index': 1043}","  36 |     expect(classes(el).has('show')).toBe(false)
  37 |     el.setAttribute('class', 'show')
> 38 |     expect(classes(el).has('show')).toBe(true)
     |    ^ Duplicate Assert
  39 |   })
  40 |   it('should contains', function () {
  41 |     expect(classes(el).contains('show')).toBe(false)"
/home/gabriel/Disk/Research/research-javascript-test-smells/repositories/list.js/__test__/utils.classes.test.js,Duplicate Assert,"{'line': 41, 'column': 4, 'index': 1133}","  39 |   })
  40 |   it('should contains', function () {
> 41 |     expect(classes(el).contains('show')).toBe(false)
     |    ^ Duplicate Assert
  42 |     el.setAttribute('class', 'show')
  43 |     expect(classes(el).contains('show')).toBe(true)
  44 |   })"
/home/gabriel/Disk/Research/research-javascript-test-smells/repositories/list.js/__test__/utils.classes.test.js,Duplicate Assert,"{'line': 43, 'column': 4, 'index': 1223}","  41 |     expect(classes(el).contains('show')).toBe(false)
  42 |     el.setAttribute('class', 'show')
> 43 |     expect(classes(el).contains('show')).toBe(true)
     |    ^ Duplicate Assert
  44 |   })
  45 | })
  46 |"
/home/gabriel/Disk/Research/research-javascript-test-smells/repositories/list.js/__test__/utils.classes.test.js,Global Variable,"{'line': 4, 'column': 2, 'index': 85}","  2 |
  3 | describe('Classes', function () {
> 4 |   var el
    |  ^ Global Variable
  5 |
  6 |   beforeEach(function () {
  7 |     el = document.createElement('div')"
/home/gabriel/Disk/Research/research-javascript-test-smells/repositories/list.js/__test__/trigger.test.js,Global Variable,"{'line': 4, 'column': 2, 'index': 75}","  2 |
  3 | describe('Trigger', function () {
> 4 |   var list
    |  ^ Global Variable
  5 |
  6 |   beforeAll(function () {
  7 |     list = fixture.list(['name', 'born'], fixture.all)"
/home/gabriel/Disk/Research/research-javascript-test-smells/repositories/list.js/__test__/trigger.test.js,Unknown Test,"{'column': 4, 'line': 15}","  13 |
  14 |   describe('General', function () {
> 15 |     it('should be triggered by searchComplete', function (done) {
     |    ^ Unknown Test
  16 |       list.on('searchComplete', function () {
  17 |         done()
  18 |       })"
/home/gabriel/Disk/Research/research-javascript-test-smells/repositories/list.js/__test__/sort.test.js,Duplicate Assert,"{'line': 296, 'column': 6, 'index': 11350}","  294 |
  295 |       list.sort('val', { order: 'asc' })
> 296 |       expect(list.items[0].values().val).toBe('')
      |      ^ Duplicate Assert
  297 |       expect(list.items[1].values().val).toBe('0')
  298 |       expect(list.items[2].values().val).toBe(0)
  299 |       list.sort('val', { order: 'desc' })"
/home/gabriel/Disk/Research/research-javascript-test-smells/repositories/list.js/__test__/sort.test.js,Duplicate Assert,"{'line': 296, 'column': 6, 'index': 11350}","  294 |
  295 |       list.sort('val', { order: 'asc' })
> 296 |       expect(list.items[0].values().val).toBe('')
      |      ^ Duplicate Assert
  297 |       expect(list.items[1].values().val).toBe('0')
  298 |       expect(list.items[2].values().val).toBe(0)
  299 |       list.sort('val', { order: 'desc' })"
/home/gabriel/Disk/Research/research-javascript-test-smells/repositories/list.js/__test__/sort.test.js,Duplicate Assert,"{'line': 297, 'column': 6, 'index': 11400}","  295 |       list.sort('val', { order: 'asc' })
  296 |       expect(list.items[0].values().val).toBe('')
> 297 |       expect(list.items[1].values().val).toBe('0')
      |      ^ Duplicate Assert
  298 |       expect(list.items[2].values().val).toBe(0)
  299 |       list.sort('val', { order: 'desc' })
  300 |       expect(list.items[0].values().val).toBe('0')"
/home/gabriel/Disk/Research/research-javascript-test-smells/repositories/list.js/__test__/sort.test.js,Duplicate Assert,"{'line': 297, 'column': 6, 'index': 11400}","  295 |       list.sort('val', { order: 'asc' })
  296 |       expect(list.items[0].values().val).toBe('')
> 297 |       expect(list.items[1].values().val).toBe('0')
      |      ^ Duplicate Assert
  298 |       expect(list.items[2].values().val).toBe(0)
  299 |       list.sort('val', { order: 'desc' })
  300 |       expect(list.items[0].values().val).toBe('0')"
/home/gabriel/Disk/Research/research-javascript-test-smells/repositories/list.js/__test__/sort.test.js,Duplicate Assert,"{'line': 298, 'column': 6, 'index': 11451}","  296 |       expect(list.items[0].values().val).toBe('')
  297 |       expect(list.items[1].values().val).toBe('0')
> 298 |       expect(list.items[2].values().val).toBe(0)
      |      ^ Duplicate Assert
  299 |       list.sort('val', { order: 'desc' })
  300 |       expect(list.items[0].values().val).toBe('0')
  301 |       expect(list.items[1].values().val).toBe(0)"
/home/gabriel/Disk/Research/research-javascript-test-smells/repositories/list.js/__test__/sort.test.js,Duplicate Assert,"{'line': 298, 'column': 6, 'index': 11451}","  296 |       expect(list.items[0].values().val).toBe('')
  297 |       expect(list.items[1].values().val).toBe('0')
> 298 |       expect(list.items[2].values().val).toBe(0)
      |      ^ Duplicate Assert
  299 |       list.sort('val', { order: 'desc' })
  300 |       expect(list.items[0].values().val).toBe('0')
  301 |       expect(list.items[1].values().val).toBe(0)"
/home/gabriel/Disk/Research/research-javascript-test-smells/repositories/list.js/__test__/sort.test.js,Duplicate Assert,"{'line': 300, 'column': 6, 'index': 11542}","  298 |       expect(list.items[2].values().val).toBe(0)
  299 |       list.sort('val', { order: 'desc' })
> 300 |       expect(list.items[0].values().val).toBe('0')
      |      ^ Duplicate Assert
  301 |       expect(list.items[1].values().val).toBe(0)
  302 |       expect(list.items[2].values().val).toBe('')
  303 |       list.sort('val', { order: 'asc' })"
/home/gabriel/Disk/Research/research-javascript-test-smells/repositories/list.js/__test__/sort.test.js,Duplicate Assert,"{'line': 301, 'column': 6, 'index': 11593}","  299 |       list.sort('val', { order: 'desc' })
  300 |       expect(list.items[0].values().val).toBe('0')
> 301 |       expect(list.items[1].values().val).toBe(0)
      |      ^ Duplicate Assert
  302 |       expect(list.items[2].values().val).toBe('')
  303 |       list.sort('val', { order: 'asc' })
  304 |       expect(list.items[0].values().val).toBe('')"
/home/gabriel/Disk/Research/research-javascript-test-smells/repositories/list.js/__test__/sort.test.js,Duplicate Assert,"{'line': 302, 'column': 6, 'index': 11642}","  300 |       expect(list.items[0].values().val).toBe('0')
  301 |       expect(list.items[1].values().val).toBe(0)
> 302 |       expect(list.items[2].values().val).toBe('')
      |      ^ Duplicate Assert
  303 |       list.sort('val', { order: 'asc' })
  304 |       expect(list.items[0].values().val).toBe('')
  305 |       expect(list.items[1].values().val).toBe('0')"
/home/gabriel/Disk/Research/research-javascript-test-smells/repositories/list.js/__test__/sort.test.js,Duplicate Assert,"{'line': 304, 'column': 6, 'index': 11733}","  302 |       expect(list.items[2].values().val).toBe('')
  303 |       list.sort('val', { order: 'asc' })
> 304 |       expect(list.items[0].values().val).toBe('')
      |      ^ Duplicate Assert
  305 |       expect(list.items[1].values().val).toBe('0')
  306 |       expect(list.items[2].values().val).toBe(0)
  307 |     })"
/home/gabriel/Disk/Research/research-javascript-test-smells/repositories/list.js/__test__/sort.test.js,Duplicate Assert,"{'line': 304, 'column': 6, 'index': 11733}","  302 |       expect(list.items[2].values().val).toBe('')
  303 |       list.sort('val', { order: 'asc' })
> 304 |       expect(list.items[0].values().val).toBe('')
      |      ^ Duplicate Assert
  305 |       expect(list.items[1].values().val).toBe('0')
  306 |       expect(list.items[2].values().val).toBe(0)
  307 |     })"
/home/gabriel/Disk/Research/research-javascript-test-smells/repositories/list.js/__test__/sort.test.js,Duplicate Assert,"{'line': 305, 'column': 6, 'index': 11783}","  303 |       list.sort('val', { order: 'asc' })
  304 |       expect(list.items[0].values().val).toBe('')
> 305 |       expect(list.items[1].values().val).toBe('0')
      |      ^ Duplicate Assert
  306 |       expect(list.items[2].values().val).toBe(0)
  307 |     })
  308 |   })"
/home/gabriel/Disk/Research/research-javascript-test-smells/repositories/list.js/__test__/sort.test.js,Duplicate Assert,"{'line': 305, 'column': 6, 'index': 11783}","  303 |       list.sort('val', { order: 'asc' })
  304 |       expect(list.items[0].values().val).toBe('')
> 305 |       expect(list.items[1].values().val).toBe('0')
      |      ^ Duplicate Assert
  306 |       expect(list.items[2].values().val).toBe(0)
  307 |     })
  308 |   })"
/home/gabriel/Disk/Research/research-javascript-test-smells/repositories/list.js/__test__/sort.test.js,Duplicate Assert,"{'line': 306, 'column': 6, 'index': 11834}","  304 |       expect(list.items[0].values().val).toBe('')
  305 |       expect(list.items[1].values().val).toBe('0')
> 306 |       expect(list.items[2].values().val).toBe(0)
      |      ^ Duplicate Assert
  307 |     })
  308 |   })
  309 |"
/home/gabriel/Disk/Research/research-javascript-test-smells/repositories/list.js/__test__/sort.test.js,Duplicate Assert,"{'line': 306, 'column': 6, 'index': 11834}","  304 |       expect(list.items[0].values().val).toBe('')
  305 |       expect(list.items[1].values().val).toBe('0')
> 306 |       expect(list.items[2].values().val).toBe(0)
      |      ^ Duplicate Assert
  307 |     })
  308 |   })
  309 |"
/home/gabriel/Disk/Research/research-javascript-test-smells/repositories/list.js/__test__/sort.test.js,Global Variable,"{'line': 5, 'column': 2, 'index': 97}","  3 |
  4 | describe('Sort', function () {
> 5 |   var list, i1, i2, i3, i4, i5, i6
    |  ^ Global Variable
  6 |
  7 |   beforeEach(function () {
  8 |     list = fixture.list("
/home/gabriel/Disk/Research/research-javascript-test-smells/repositories/list.js/__test__/sort.test.js,Global Variable,"{'line': 251, 'column': 6, 'index': 9746}","  249 |       list.add({ id: '12', val: '' })
  250 |
> 251 |       var i7 = list.get('id', '7')[0],
      |      ^ Global Variable
  252 |         i8 = list.get('id', '8')[0],
  253 |         i9 = list.get('id', '9')[0],
  254 |         i10 = list.get('id', '10')[0],"
/home/gabriel/Disk/Research/research-javascript-test-smells/repositories/list.js/__test__/sort.test.js,Magic Number,"{'line': 298, 'column': 46, 'index': 11491}","  296 |       expect(list.items[0].values().val).toBe('')
  297 |       expect(list.items[1].values().val).toBe('0')
> 298 |       expect(list.items[2].values().val).toBe(0)
      |                                              ^ Magic Number
  299 |       list.sort('val', { order: 'desc' })
  300 |       expect(list.items[0].values().val).toBe('0')
  301 |       expect(list.items[1].values().val).toBe(0)"
/home/gabriel/Disk/Research/research-javascript-test-smells/repositories/list.js/__test__/sort.test.js,Magic Number,"{'line': 301, 'column': 46, 'index': 11633}","  299 |       list.sort('val', { order: 'desc' })
  300 |       expect(list.items[0].values().val).toBe('0')
> 301 |       expect(list.items[1].values().val).toBe(0)
      |                                              ^ Magic Number
  302 |       expect(list.items[2].values().val).toBe('')
  303 |       list.sort('val', { order: 'asc' })
  304 |       expect(list.items[0].values().val).toBe('')"
/home/gabriel/Disk/Research/research-javascript-test-smells/repositories/list.js/__test__/sort.test.js,Magic Number,"{'line': 306, 'column': 46, 'index': 11874}","  304 |       expect(list.items[0].values().val).toBe('')
  305 |       expect(list.items[1].values().val).toBe('0')
> 306 |       expect(list.items[2].values().val).toBe(0)
      |                                              ^ Magic Number
  307 |     })
  308 |   })
  309 |"
/home/gabriel/Disk/Research/research-javascript-test-smells/repositories/list.js/__test__/show.test.js,Global Variable,"{'line': 4, 'column': 2, 'index': 72}","  2 |
  3 | describe('Show', function () {
> 4 |   var list, a, b, c, d, e, f
    |  ^ Global Variable
  5 |
  6 |   beforeAll(function () {
  7 |     list = fixture.list("
/home/gabriel/Disk/Research/research-javascript-test-smells/repositories/list.js/__test__/show.test.js,Magic Number,"{'line': 38, 'column': 47, 'index': 845}","  36 |     it('should be 1, 2', function () {
  37 |       list.show(1, 2)
> 38 |       expect(list.visibleItems.length).toEqual(2)
     |                                               ^ Magic Number
  39 |       expect(a.visible()).toBe(true)
  40 |       expect(b.visible()).toBe(true)
  41 |       expect(c.visible()).toBe(false)"
/home/gabriel/Disk/Research/research-javascript-test-smells/repositories/list.js/__test__/show.test.js,Magic Number,"{'line': 48, 'column': 47, 'index': 1193}","  46 |     it('should show item 6', function () {
  47 |       list.show(6, 2)
> 48 |       expect(list.visibleItems.length).toEqual(1)
     |                                               ^ Magic Number
  49 |       expect(a.visible()).toBe(false)
  50 |       expect(b.visible()).toBe(false)
  51 |       expect(c.visible()).toBe(false)"
/home/gabriel/Disk/Research/research-javascript-test-smells/repositories/list.js/__test__/show.test.js,Magic Number,"{'line': 58, 'column': 47, 'index': 1559}","  56 |     it('should show item 1, 2, 3, 4, 5, 6', function () {
  57 |       list.show(1, 200)
> 58 |       expect(list.visibleItems.length).toEqual(6)
     |                                               ^ Magic Number
  59 |       expect(a.visible()).toBe(true)
  60 |       expect(b.visible()).toBe(true)
  61 |       expect(c.visible()).toBe(true)"
/home/gabriel/Disk/Research/research-javascript-test-smells/repositories/list.js/__test__/show.test.js,Magic Number,"{'line': 68, 'column': 47, 'index': 1909}","  66 |     it('should show item 3, 4, 5', function () {
  67 |       list.show(3, 3)
> 68 |       expect(list.visibleItems.length).toEqual(3)
     |                                               ^ Magic Number
  69 |       expect(a.visible()).toBe(false)
  70 |       expect(b.visible()).toBe(false)
  71 |       expect(c.visible()).toBe(true)"
/home/gabriel/Disk/Research/research-javascript-test-smells/repositories/list.js/__test__/show.test.js,Magic Number,"{'line': 78, 'column': 47, 'index': 2259}","  76 |     it('should show item 5, 6', function () {
  77 |       list.show(5, 3)
> 78 |       expect(list.visibleItems.length).toEqual(2)
     |                                               ^ Magic Number
  79 |       expect(a.visible()).toBe(false)
  80 |       expect(b.visible()).toBe(false)
  81 |       expect(c.visible()).toBe(false)"
/home/gabriel/Disk/Research/research-javascript-test-smells/repositories/list.js/__test__/show.test.js,Magic Number,"{'line': 95, 'column': 47, 'index': 2724}","  93 |       list.search('b')
  94 |       list.show(1, 2)
> 95 |       expect(list.visibleItems.length).toEqual(2)
     |                                               ^ Magic Number
  96 |       expect(a.visible()).toBe(false)
  97 |       expect(b.visible()).toBe(false)
  98 |       expect(c.visible()).toBe(true)"
/home/gabriel/Disk/Research/research-javascript-test-smells/repositories/list.js/__test__/show.test.js,Magic Number,"{'line': 106, 'column': 47, 'index': 3101}","  104 |       list.search('b')
  105 |       list.show(1, 4)
> 106 |       expect(list.visibleItems.length).toEqual(4)
      |                                               ^ Magic Number
  107 |       expect(a.visible()).toBe(false)
  108 |       expect(b.visible()).toBe(false)
  109 |       expect(c.visible()).toBe(true)"
/home/gabriel/Disk/Research/research-javascript-test-smells/repositories/list.js/__test__/show.test.js,Magic Number,"{'line': 117, 'column': 47, 'index': 3491}","  115 |       list.search('a')
  116 |       list.show(3, 2)
> 117 |       expect(list.visibleItems.length).toEqual(0)
      |                                               ^ Magic Number
  118 |       expect(list.matchingItems.length).toEqual(2)
  119 |       expect(a.visible()).toBe(false)
  120 |       expect(b.visible()).toBe(false)"
/home/gabriel/Disk/Research/research-javascript-test-smells/repositories/list.js/__test__/show.test.js,Magic Number,"{'line': 118, 'column': 48, 'index': 3542}","  116 |       list.show(3, 2)
  117 |       expect(list.visibleItems.length).toEqual(0)
> 118 |       expect(list.matchingItems.length).toEqual(2)
      |                                                ^ Magic Number
  119 |       expect(a.visible()).toBe(false)
  120 |       expect(b.visible()).toBe(false)
  121 |       expect(c.visible()).toBe(false)"
/home/gabriel/Disk/Research/research-javascript-test-smells/repositories/list.js/__test__/show.test.js,Magic Number,"{'line': 137, 'column': 47, 'index': 4071}","  135 |       })
  136 |       list.show(1, 2)
> 137 |       expect(list.visibleItems.length).toEqual(2)
      |                                               ^ Magic Number
  138 |       expect(list.matchingItems.length).toEqual(2)
  139 |       expect(a.visible()).toBe(false)
  140 |       expect(b.visible()).toBe(false)"
/home/gabriel/Disk/Research/research-javascript-test-smells/repositories/list.js/__test__/show.test.js,Magic Number,"{'line': 138, 'column': 48, 'index': 4122}","  136 |       list.show(1, 2)
  137 |       expect(list.visibleItems.length).toEqual(2)
> 138 |       expect(list.matchingItems.length).toEqual(2)
      |                                                ^ Magic Number
  139 |       expect(a.visible()).toBe(false)
  140 |       expect(b.visible()).toBe(false)
  141 |       expect(c.visible()).toBe(true)"
/home/gabriel/Disk/Research/research-javascript-test-smells/repositories/list.js/__test__/show.test.js,Magic Number,"{'line': 151, 'column': 47, 'index': 4562}","  149 |       })
  150 |       list.show(1, 4)
> 151 |       expect(list.visibleItems.length).toEqual(2)
      |                                               ^ Magic Number
  152 |       expect(list.matchingItems.length).toEqual(2)
  153 |       expect(a.visible()).toBe(false)
  154 |       expect(b.visible()).toBe(false)"
/home/gabriel/Disk/Research/research-javascript-test-smells/repositories/list.js/__test__/show.test.js,Magic Number,"{'line': 152, 'column': 48, 'index': 4613}","  150 |       list.show(1, 4)
  151 |       expect(list.visibleItems.length).toEqual(2)
> 152 |       expect(list.matchingItems.length).toEqual(2)
      |                                                ^ Magic Number
  153 |       expect(a.visible()).toBe(false)
  154 |       expect(b.visible()).toBe(false)
  155 |       expect(c.visible()).toBe(false)"
/home/gabriel/Disk/Research/research-javascript-test-smells/repositories/list.js/__test__/show.test.js,Magic Number,"{'line': 165, 'column': 47, 'index': 5067}","  163 |       })
  164 |       list.show(3, 2)
> 165 |       expect(list.visibleItems.length).toEqual(0)
      |                                               ^ Magic Number
  166 |       expect(list.matchingItems.length).toEqual(2)
  167 |       expect(a.visible()).toBe(false)
  168 |       expect(b.visible()).toBe(false)"
/home/gabriel/Disk/Research/research-javascript-test-smells/repositories/list.js/__test__/show.test.js,Magic Number,"{'line': 166, 'column': 48, 'index': 5118}","  164 |       list.show(3, 2)
  165 |       expect(list.visibleItems.length).toEqual(0)
> 166 |       expect(list.matchingItems.length).toEqual(2)
      |                                                ^ Magic Number
  167 |       expect(a.visible()).toBe(false)
  168 |       expect(b.visible()).toBe(false)
  169 |       expect(c.visible()).toBe(false)"
/home/gabriel/Disk/Research/research-javascript-test-smells/repositories/list.js/__test__/show.test.js,Magic Number,"{'line': 186, 'column': 47, 'index': 5679}","  184 |       })
  185 |       list.search('b')
> 186 |       expect(list.visibleItems.length).toEqual(2)
      |                                               ^ Magic Number
  187 |       expect(list.matchingItems.length).toEqual(3)
  188 |       expect(a.visible()).toBe(false)
  189 |       expect(b.visible()).toBe(false)"
/home/gabriel/Disk/Research/research-javascript-test-smells/repositories/list.js/__test__/show.test.js,Magic Number,"{'line': 187, 'column': 48, 'index': 5730}","  185 |       list.search('b')
  186 |       expect(list.visibleItems.length).toEqual(2)
> 187 |       expect(list.matchingItems.length).toEqual(3)
      |                                                ^ Magic Number
  188 |       expect(a.visible()).toBe(false)
  189 |       expect(b.visible()).toBe(false)
  190 |       expect(c.visible()).toBe(false)"
/home/gabriel/Disk/Research/research-javascript-test-smells/repositories/list.js/__test__/show.test.js,Magic Number,"{'line': 202, 'column': 47, 'index': 6204}","  200 |       list.search('b')
  201 |       list.show(2, 2)
> 202 |       expect(list.visibleItems.length).toEqual(2)
      |                                               ^ Magic Number
  203 |       expect(list.matchingItems.length).toEqual(3)
  204 |       expect(a.visible()).toBe(false)
  205 |       expect(b.visible()).toBe(false)"
/home/gabriel/Disk/Research/research-javascript-test-smells/repositories/list.js/__test__/show.test.js,Magic Number,"{'line': 203, 'column': 48, 'index': 6255}","  201 |       list.show(2, 2)
  202 |       expect(list.visibleItems.length).toEqual(2)
> 203 |       expect(list.matchingItems.length).toEqual(3)
      |                                                ^ Magic Number
  204 |       expect(a.visible()).toBe(false)
  205 |       expect(b.visible()).toBe(false)
  206 |       expect(c.visible()).toBe(false)"
/home/gabriel/Disk/Research/research-javascript-test-smells/repositories/list.js/__test__/search.test.js,Conditional Test Logic,"{'line': 142, 'column': 6, 'index': 4628}","  140 |   describe('Custom search function', function () {
  141 |     var customSearchFunction = function (searchString, columns) {
> 142 |       for (var k = 0, kl = list.items.length; k < kl; k++) {
      |      ^ Conditional Test Logic
  143 |         if (list.items[k].values().born > 1985) {
  144 |           list.items[k].found = true
  145 |         }"
/home/gabriel/Disk/Research/research-javascript-test-smells/repositories/list.js/__test__/search.test.js,Conditional Test Logic,"{'line': 143, 'column': 8, 'index': 4691}","  141 |     var customSearchFunction = function (searchString, columns) {
  142 |       for (var k = 0, kl = list.items.length; k < kl; k++) {
> 143 |         if (list.items[k].values().born > 1985) {
      |        ^ Conditional Test Logic
  144 |           list.items[k].found = true
  145 |         }
  146 |       }"
/home/gabriel/Disk/Research/research-javascript-test-smells/repositories/list.js/__test__/search.test.js,Duplicate Assert,"{'line': 134, 'column': 6, 'index': 4384}","  132 |     it('should remove column option', function () {
  133 |       var result = list.search('jonny', ['born'])
> 134 |       expect(result.length).toEqual(0)
      |      ^ Duplicate Assert
  135 |       result = list.search('jonny')
  136 |       expect(result.length).toEqual(1)
  137 |     })"
/home/gabriel/Disk/Research/research-javascript-test-smells/repositories/list.js/__test__/search.test.js,Duplicate Assert,"{'line': 136, 'column': 6, 'index': 4459}","  134 |       expect(result.length).toEqual(0)
  135 |       result = list.search('jonny')
> 136 |       expect(result.length).toEqual(1)
      |      ^ Duplicate Assert
  137 |     })
  138 |   })
  139 |"
/home/gabriel/Disk/Research/research-javascript-test-smells/repositories/list.js/__test__/search.test.js,Global Variable,"{'line': 4, 'column': 2, 'index': 74}","  2 |
  3 | describe('Search', function () {
> 4 |   var list, jonny, martina, angelica, sebastian, imma, hasse
    |  ^ Global Variable
  5 |
  6 |   beforeEach(function () {
  7 |     list = fixture.list(['name', 'born'], fixture.all)"
/home/gabriel/Disk/Research/research-javascript-test-smells/repositories/list.js/__test__/search.test.js,Global Variable,"{'line': 23, 'column': 6, 'index': 694}","  21 |   describe('Case-sensitive', function () {
  22 |     it('should not be case-sensitive', function () {
> 23 |       var result = list.search('jonny')
     |      ^ Global Variable
  24 |       expect(result.length).toEqual(1)
  25 |       expect(result[0]).toEqual(jonny)
  26 |     })"
/home/gabriel/Disk/Research/research-javascript-test-smells/repositories/list.js/__test__/search.test.js,Global Variable,"{'line': 31, 'column': 6, 'index': 932}","  29 |   describe('Number of results', function () {
  30 |     it('should find jonny, martina, angelice', function () {
> 31 |       var result = list.search('1986')
     |      ^ Global Variable
  32 |       expect(result.length).toEqual(3) // 3!!
  33 |       expect(jonny.matching()).toBe(true)
  34 |       expect(martina.matching()).toBe(true)"
/home/gabriel/Disk/Research/research-javascript-test-smells/repositories/list.js/__test__/search.test.js,Global Variable,"{'line': 41, 'column': 6, 'index': 1345}","  39 |     })
  40 |     it('should find all with utf-8 char ö', function () {
> 41 |       var result = list.search('ö')
     |      ^ Global Variable
  42 |       expect(result.length).toEqual(4) // 4!!
  43 |       expect(jonny.matching()).toBe(true)
  44 |       expect(martina.matching()).toBe(false)"
/home/gabriel/Disk/Research/research-javascript-test-smells/repositories/list.js/__test__/search.test.js,Global Variable,"{'line': 98, 'column': 6, 'index': 3076}","   96 |     it('should find in the default match column', function () {
   97 |       list.searchColumns = ['name']
>  98 |       var result = list.search('jonny')
      |      ^ Global Variable
   99 |       expect(result.length).toEqual(1)
  100 |       expect(result[0]).toEqual(jonny)
  101 |     })"
/home/gabriel/Disk/Research/research-javascript-test-smells/repositories/list.js/__test__/search.test.js,Global Variable,"{'line': 104, 'column': 6, 'index': 3305}","  102 |     it('should not find in the default match column', function () {
  103 |       list.searchColumns = ['born']
> 104 |       var result = list.search('jonny')
      |      ^ Global Variable
  105 |       expect(result.length).toEqual(0)
  106 |     })
  107 |   })"
/home/gabriel/Disk/Research/research-javascript-test-smells/repositories/list.js/__test__/search.test.js,Global Variable,"{'line': 111, 'column': 6, 'index': 3494}","  109 |   describe('Specific columns', function () {
  110 |     it('should find match in column', function () {
> 111 |       var result = list.search('jonny', ['name'])
      |      ^ Global Variable
  112 |       expect(result.length).toEqual(1)
  113 |       expect(result[0]).toEqual(jonny)
  114 |     })"
/home/gabriel/Disk/Research/research-javascript-test-smells/repositories/list.js/__test__/search.test.js,Global Variable,"{'line': 116, 'column': 6, 'index': 3685}","  114 |     })
  115 |     it('should not find match in column', function () {
> 116 |       var result = list.search('jonny', ['born'])
      |      ^ Global Variable
  117 |       expect(result.length).toEqual(0)
  118 |     })
  119 |     it('should find match in column', function () {"
/home/gabriel/Disk/Research/research-javascript-test-smells/repositories/list.js/__test__/search.test.js,Global Variable,"{'line': 120, 'column': 6, 'index': 3833}","  118 |     })
  119 |     it('should find match in column', function () {
> 120 |       var result = list.search('jonny', ['name'])
      |      ^ Global Variable
  121 |       expect(result.length).toEqual(1)
  122 |       expect(result[0]).toEqual(jonny)
  123 |     })"
/home/gabriel/Disk/Research/research-javascript-test-smells/repositories/list.js/__test__/search.test.js,Global Variable,"{'line': 125, 'column': 6, 'index': 4024}","  123 |     })
  124 |     it('should not find match in column', function () {
> 125 |       var result = list.search('jonny', ['born'])
      |      ^ Global Variable
  126 |       expect(result.length).toEqual(0)
  127 |     })
  128 |     it('should work with columns that do not exist', function () {"
/home/gabriel/Disk/Research/research-javascript-test-smells/repositories/list.js/__test__/search.test.js,Global Variable,"{'line': 129, 'column': 6, 'index': 4187}","  127 |     })
  128 |     it('should work with columns that do not exist', function () {
> 129 |       var result = list.search('jonny', ['pet'])
      |      ^ Global Variable
  130 |       expect(result.length).toEqual(0)
  131 |     })
  132 |     it('should remove column option', function () {"
/home/gabriel/Disk/Research/research-javascript-test-smells/repositories/list.js/__test__/search.test.js,Global Variable,"{'line': 133, 'column': 6, 'index': 4334}","  131 |     })
  132 |     it('should remove column option', function () {
> 133 |       var result = list.search('jonny', ['born'])
      |      ^ Global Variable
  134 |       expect(result.length).toEqual(0)
  135 |       result = list.search('jonny')
  136 |       expect(result.length).toEqual(1)"
/home/gabriel/Disk/Research/research-javascript-test-smells/repositories/list.js/__test__/search.test.js,Global Variable,"{'line': 141, 'column': 4, 'index': 4560}","  139 |
  140 |   describe('Custom search function', function () {
> 141 |     var customSearchFunction = function (searchString, columns) {
      |    ^ Global Variable
  142 |       for (var k = 0, kl = list.items.length; k < kl; k++) {
  143 |         if (list.items[k].values().born > 1985) {
  144 |           list.items[k].found = true"
/home/gabriel/Disk/Research/research-javascript-test-smells/repositories/list.js/__test__/search.test.js,Global Variable,"{'line': 142, 'column': 11, 'index': 4633}","  140 |   describe('Custom search function', function () {
  141 |     var customSearchFunction = function (searchString, columns) {
> 142 |       for (var k = 0, kl = list.items.length; k < kl; k++) {
      |           ^ Global Variable
  143 |         if (list.items[k].values().born > 1985) {
  144 |           list.items[k].found = true
  145 |         }"
/home/gabriel/Disk/Research/research-javascript-test-smells/repositories/list.js/__test__/search.test.js,Global Variable,"{'line': 149, 'column': 6, 'index': 4869}","  147 |     }
  148 |     it('should use custom function in third argument', function () {
> 149 |       var result = list.search('jonny', ['name'], customSearchFunction)
      |      ^ Global Variable
  150 |       expect(result.length).toEqual(4)
  151 |     })
  152 |     it('should use custom function in second argument', function () {"
/home/gabriel/Disk/Research/research-javascript-test-smells/repositories/list.js/__test__/search.test.js,Global Variable,"{'line': 153, 'column': 6, 'index': 5057}","  151 |     })
  152 |     it('should use custom function in second argument', function () {
> 153 |       var result = list.search('jonny', customSearchFunction)
      |      ^ Global Variable
  154 |       expect(result.length).toEqual(4)
  155 |     })
  156 |   })"
/home/gabriel/Disk/Research/research-javascript-test-smells/repositories/list.js/__test__/search.test.js,Global Variable,"{'line': 160, 'column': 6, 'index': 5269}","  158 |   describe('Multiple word search', function () {
  159 |     it('should find jonny, hasse', function () {
> 160 |       var result = list.search('berg str')
      |      ^ Global Variable
  161 |       expect(result.length).toEqual(2)
  162 |       expect(jonny.matching()).toBe(true)
  163 |       expect(martina.matching()).toBe(false)"
/home/gabriel/Disk/Research/research-javascript-test-smells/repositories/list.js/__test__/search.test.js,Global Variable,"{'line': 170, 'column': 6, 'index': 5694}","  168 |     })
  169 |     it('should find martina, angelica, sebastian, hasse', function () {
> 170 |       var result = list.search('a e')
      |      ^ Global Variable
  171 |       expect(result.length).toEqual(4)
  172 |       expect(jonny.matching()).toBe(false)
  173 |       expect(martina.matching()).toBe(true)"
/home/gabriel/Disk/Research/research-javascript-test-smells/repositories/list.js/__test__/search.test.js,Global Variable,"{'line': 180, 'column': 6, 'index': 6105}","  178 |     })
  179 |     it('stripping whitespace should find martina', function () {
> 180 |       var result = list.search('martina  elm ')
      |      ^ Global Variable
  181 |       expect(result.length).toEqual(1)
  182 |       expect(result[0]).toEqual(martina)
  183 |     })"
/home/gabriel/Disk/Research/research-javascript-test-smells/repositories/list.js/__test__/search.test.js,Global Variable,"{'line': 188, 'column': 6, 'index': 6341}","  186 |   describe('Quoted phrase searches', function () {
  187 |     it('should find martina', function () {
> 188 |       var result = list.search('""a e""')
      |      ^ Global Variable
  189 |       expect(result.length).toEqual(1)
  190 |       expect(result[0]).toEqual(martina)
  191 |     })"
/home/gabriel/Disk/Research/research-javascript-test-smells/repositories/list.js/__test__/search.test.js,Global Variable,"{'line': 193, 'column': 6, 'index': 6543}","  191 |     })
  192 |     it('quoted phrase and multiple words should find jonny', function () {
> 193 |       var result = list.search('"" str"" 1986')
      |      ^ Global Variable
  194 |       expect(result.length).toEqual(1)
  195 |       expect(result[0]).toEqual(jonny)
  196 |     })"
/home/gabriel/Disk/Research/research-javascript-test-smells/repositories/list.js/__test__/search.test.js,Magic Number,"{'line': 24, 'column': 36, 'index': 764}","  22 |     it('should not be case-sensitive', function () {
  23 |       var result = list.search('jonny')
> 24 |       expect(result.length).toEqual(1)
     |                                    ^ Magic Number
  25 |       expect(result[0]).toEqual(jonny)
  26 |     })
  27 |   })"
/home/gabriel/Disk/Research/research-javascript-test-smells/repositories/list.js/__test__/search.test.js,Magic Number,"{'line': 32, 'column': 36, 'index': 1001}","  30 |     it('should find jonny, martina, angelice', function () {
  31 |       var result = list.search('1986')
> 32 |       expect(result.length).toEqual(3) // 3!!
     |                                    ^ Magic Number
  33 |       expect(jonny.matching()).toBe(true)
  34 |       expect(martina.matching()).toBe(true)
  35 |       expect(angelica.matching()).toBe(true)"
/home/gabriel/Disk/Research/research-javascript-test-smells/repositories/list.js/__test__/search.test.js,Magic Number,"{'line': 42, 'column': 36, 'index': 1411}","  40 |     it('should find all with utf-8 char ö', function () {
  41 |       var result = list.search('ö')
> 42 |       expect(result.length).toEqual(4) // 4!!
     |                                    ^ Magic Number
  43 |       expect(jonny.matching()).toBe(true)
  44 |       expect(martina.matching()).toBe(false)
  45 |       expect(angelica.matching()).toBe(false)"
/home/gabriel/Disk/Research/research-javascript-test-smells/repositories/list.js/__test__/search.test.js,Magic Number,"{'line': 99, 'column': 36, 'index': 3146}","   97 |       list.searchColumns = ['name']
   98 |       var result = list.search('jonny')
>  99 |       expect(result.length).toEqual(1)
      |                                    ^ Magic Number
  100 |       expect(result[0]).toEqual(jonny)
  101 |     })
  102 |     it('should not find in the default match column', function () {"
/home/gabriel/Disk/Research/research-javascript-test-smells/repositories/list.js/__test__/search.test.js,Magic Number,"{'line': 105, 'column': 36, 'index': 3375}","  103 |       list.searchColumns = ['born']
  104 |       var result = list.search('jonny')
> 105 |       expect(result.length).toEqual(0)
      |                                    ^ Magic Number
  106 |     })
  107 |   })
  108 |"
/home/gabriel/Disk/Research/research-javascript-test-smells/repositories/list.js/__test__/search.test.js,Magic Number,"{'line': 112, 'column': 36, 'index': 3574}","  110 |     it('should find match in column', function () {
  111 |       var result = list.search('jonny', ['name'])
> 112 |       expect(result.length).toEqual(1)
      |                                    ^ Magic Number
  113 |       expect(result[0]).toEqual(jonny)
  114 |     })
  115 |     it('should not find match in column', function () {"
/home/gabriel/Disk/Research/research-javascript-test-smells/repositories/list.js/__test__/search.test.js,Magic Number,"{'line': 117, 'column': 36, 'index': 3765}","  115 |     it('should not find match in column', function () {
  116 |       var result = list.search('jonny', ['born'])
> 117 |       expect(result.length).toEqual(0)
      |                                    ^ Magic Number
  118 |     })
  119 |     it('should find match in column', function () {
  120 |       var result = list.search('jonny', ['name'])"
/home/gabriel/Disk/Research/research-javascript-test-smells/repositories/list.js/__test__/search.test.js,Magic Number,"{'line': 121, 'column': 36, 'index': 3913}","  119 |     it('should find match in column', function () {
  120 |       var result = list.search('jonny', ['name'])
> 121 |       expect(result.length).toEqual(1)
      |                                    ^ Magic Number
  122 |       expect(result[0]).toEqual(jonny)
  123 |     })
  124 |     it('should not find match in column', function () {"
/home/gabriel/Disk/Research/research-javascript-test-smells/repositories/list.js/__test__/search.test.js,Magic Number,"{'line': 126, 'column': 36, 'index': 4104}","  124 |     it('should not find match in column', function () {
  125 |       var result = list.search('jonny', ['born'])
> 126 |       expect(result.length).toEqual(0)
      |                                    ^ Magic Number
  127 |     })
  128 |     it('should work with columns that do not exist', function () {
  129 |       var result = list.search('jonny', ['pet'])"
/home/gabriel/Disk/Research/research-javascript-test-smells/repositories/list.js/__test__/search.test.js,Magic Number,"{'line': 130, 'column': 36, 'index': 4266}","  128 |     it('should work with columns that do not exist', function () {
  129 |       var result = list.search('jonny', ['pet'])
> 130 |       expect(result.length).toEqual(0)
      |                                    ^ Magic Number
  131 |     })
  132 |     it('should remove column option', function () {
  133 |       var result = list.search('jonny', ['born'])"
/home/gabriel/Disk/Research/research-javascript-test-smells/repositories/list.js/__test__/search.test.js,Magic Number,"{'line': 134, 'column': 36, 'index': 4414}","  132 |     it('should remove column option', function () {
  133 |       var result = list.search('jonny', ['born'])
> 134 |       expect(result.length).toEqual(0)
      |                                    ^ Magic Number
  135 |       result = list.search('jonny')
  136 |       expect(result.length).toEqual(1)
  137 |     })"
/home/gabriel/Disk/Research/research-javascript-test-smells/repositories/list.js/__test__/search.test.js,Magic Number,"{'line': 136, 'column': 36, 'index': 4489}","  134 |       expect(result.length).toEqual(0)
  135 |       result = list.search('jonny')
> 136 |       expect(result.length).toEqual(1)
      |                                    ^ Magic Number
  137 |     })
  138 |   })
  139 |"
/home/gabriel/Disk/Research/research-javascript-test-smells/repositories/list.js/__test__/search.test.js,Magic Number,"{'line': 150, 'column': 36, 'index': 4971}","  148 |     it('should use custom function in third argument', function () {
  149 |       var result = list.search('jonny', ['name'], customSearchFunction)
> 150 |       expect(result.length).toEqual(4)
      |                                    ^ Magic Number
  151 |     })
  152 |     it('should use custom function in second argument', function () {
  153 |       var result = list.search('jonny', customSearchFunction)"
/home/gabriel/Disk/Research/research-javascript-test-smells/repositories/list.js/__test__/search.test.js,Magic Number,"{'line': 154, 'column': 36, 'index': 5149}","  152 |     it('should use custom function in second argument', function () {
  153 |       var result = list.search('jonny', customSearchFunction)
> 154 |       expect(result.length).toEqual(4)
      |                                    ^ Magic Number
  155 |     })
  156 |   })
  157 |"
/home/gabriel/Disk/Research/research-javascript-test-smells/repositories/list.js/__test__/search.test.js,Magic Number,"{'line': 161, 'column': 36, 'index': 5342}","  159 |     it('should find jonny, hasse', function () {
  160 |       var result = list.search('berg str')
> 161 |       expect(result.length).toEqual(2)
      |                                    ^ Magic Number
  162 |       expect(jonny.matching()).toBe(true)
  163 |       expect(martina.matching()).toBe(false)
  164 |       expect(angelica.matching()).toBe(false)"
/home/gabriel/Disk/Research/research-javascript-test-smells/repositories/list.js/__test__/search.test.js,Magic Number,"{'line': 171, 'column': 36, 'index': 5762}","  169 |     it('should find martina, angelica, sebastian, hasse', function () {
  170 |       var result = list.search('a e')
> 171 |       expect(result.length).toEqual(4)
      |                                    ^ Magic Number
  172 |       expect(jonny.matching()).toBe(false)
  173 |       expect(martina.matching()).toBe(true)
  174 |       expect(angelica.matching()).toBe(true)"
/home/gabriel/Disk/Research/research-javascript-test-smells/repositories/list.js/__test__/search.test.js,Magic Number,"{'line': 181, 'column': 36, 'index': 6183}","  179 |     it('stripping whitespace should find martina', function () {
  180 |       var result = list.search('martina  elm ')
> 181 |       expect(result.length).toEqual(1)
      |                                    ^ Magic Number
  182 |       expect(result[0]).toEqual(martina)
  183 |     })
  184 |   })"
/home/gabriel/Disk/Research/research-javascript-test-smells/repositories/list.js/__test__/search.test.js,Magic Number,"{'line': 189, 'column': 36, 'index': 6411}","  187 |     it('should find martina', function () {
  188 |       var result = list.search('""a e""')
> 189 |       expect(result.length).toEqual(1)
      |                                    ^ Magic Number
  190 |       expect(result[0]).toEqual(martina)
  191 |     })
  192 |     it('quoted phrase and multiple words should find jonny', function () {"
/home/gabriel/Disk/Research/research-javascript-test-smells/repositories/list.js/__test__/search.test.js,Magic Number,"{'line': 194, 'column': 36, 'index': 6619}","  192 |     it('quoted phrase and multiple words should find jonny', function () {
  193 |       var result = list.search('"" str"" 1986')
> 194 |       expect(result.length).toEqual(1)
      |                                    ^ Magic Number
  195 |       expect(result[0]).toEqual(jonny)
  196 |     })
  197 |   })"
/home/gabriel/Disk/Research/research-javascript-test-smells/repositories/list.js/__test__/search-filter.test.js,Global Variable,"{'line': 4, 'column': 2, 'index': 85}","  2 |
  3 | describe('Search and filter', function () {
> 4 |   var list, jonny, martina, angelica, sebastian, imma, hasse
    |  ^ Global Variable
  5 |
  6 |   beforeAll(function () {
  7 |     list = fixture.list(['name', 'born'], fixture.all)"
/home/gabriel/Disk/Research/research-javascript-test-smells/repositories/list.js/__test__/search-filter.test.js,Magic Number,"{'line': 31, 'column': 48, 'index': 908}","  29 |         return item.values().born == '1986'
  30 |       })
> 31 |       expect(list.matchingItems.length).toEqual(3)
     |                                                ^ Magic Number
  32 |       expect(jonny.matching()).toBe(true)
  33 |       expect(martina.matching()).toBe(true)
  34 |       expect(angelica.matching()).toBe(true)"
/home/gabriel/Disk/Research/research-javascript-test-smells/repositories/list.js/__test__/search-filter.test.js,Magic Number,"{'line': 44, 'column': 48, 'index': 1414}","  42 |       })
  43 |       list.search('ö')
> 44 |       expect(list.matchingItems.length).toEqual(1)
     |                                                ^ Magic Number
  45 |       expect(jonny.matching()).toBe(true)
  46 |       expect(martina.matching()).toBe(false)
  47 |       expect(angelica.matching()).toBe(false)"
/home/gabriel/Disk/Research/research-javascript-test-smells/repositories/list.js/__test__/search-filter.test.js,Magic Number,"{'line': 58, 'column': 48, 'index': 1925}","  56 |       list.search('ö')
  57 |       list.filter()
> 58 |       expect(list.matchingItems.length).toEqual(4)
     |                                                ^ Magic Number
  59 |       expect(jonny.matching()).toBe(true)
  60 |       expect(martina.matching()).toBe(false)
  61 |       expect(angelica.matching()).toBe(false)"
/home/gabriel/Disk/Research/research-javascript-test-smells/repositories/list.js/__test__/re-index.test.js,Duplicate Assert,"{'line': 19, 'column': 4, 'index': 421}","  17 |   })
  18 |   it('should return everyone born after 1988', function () {
> 19 |     expect(list.toJSON()).toEqual([
     |    ^ Duplicate Assert
  20 |       { name: 'Jonny Strömberg', born: '1986' },
  21 |       { name: 'Martina Elm', born: '1986' },
  22 |       { name: 'Angelica Abraham', born: '1986' },"
/home/gabriel/Disk/Research/research-javascript-test-smells/repositories/list.js/__test__/re-index.test.js,Duplicate Assert,"{'line': 31, 'column': 4, 'index': 982}","  29 |     $(list.list).html(newHtml)
  30 |     list.reIndex()
> 31 |     expect(list.toJSON()).toEqual([
     |    ^ Duplicate Assert
  32 |       { name: 'Sven', born: '2013' },
  33 |       { name: 'Anna', born: '3043' },
  34 |     ])"
/home/gabriel/Disk/Research/research-javascript-test-smells/repositories/list.js/__test__/re-index.test.js,Global Variable,"{'line': 5, 'column': 2, 'index': 100}","  3 |
  4 | describe('ReIndex', function () {
> 5 |   var list, jonny, martina, angelica, sebastian, imma, hasse
    |  ^ Global Variable
  6 |
  7 |   beforeAll(function () {
  8 |     list = fixture.list(['name', 'born'], fixture.all)"
/home/gabriel/Disk/Research/research-javascript-test-smells/repositories/list.js/__test__/re-index.test.js,Global Variable,"{'line': 27, 'column': 4, 'index': 756}","  25 |       { name: 'Hasse Strömberg', born: '1955' },
  26 |     ])
> 27 |     var newHtml = '<li><span class=""name"">Sven</span><span class=""born"">2013</span>'
     |    ^ Global Variable
  28 |     newHtml = newHtml + '<li><span class=""name"">Anna</span><span class=""born"">3043</span>'
  29 |     $(list.list).html(newHtml)
  30 |     list.reIndex()"
/home/gabriel/Disk/Research/research-javascript-test-smells/repositories/list.js/__test__/parse.test.js,Duplicate Assert,"{'line': 48, 'column': 6, 'index': 1666}","  46 |     it('should parsed value always be string while added could be number', function () {
  47 |       list.add({ name: 'Sven', born: 1950 })
> 48 |       expect(list.items[0].values().born).toEqual('1986')
     |      ^ Duplicate Assert
  49 |       expect(list.items[0].values().born).not.toEqual(1986)
  50 |       expect(list.items[2].values().born).not.toEqual('1950')
  51 |       expect(list.items[2].values().born).toEqual(1950)"
/home/gabriel/Disk/Research/research-javascript-test-smells/repositories/list.js/__test__/parse.test.js,Duplicate Assert,"{'line': 49, 'column': 6, 'index': 1724}","  47 |       list.add({ name: 'Sven', born: 1950 })
  48 |       expect(list.items[0].values().born).toEqual('1986')
> 49 |       expect(list.items[0].values().born).not.toEqual(1986)
     |      ^ Duplicate Assert
  50 |       expect(list.items[2].values().born).not.toEqual('1950')
  51 |       expect(list.items[2].values().born).toEqual(1950)
  52 |     })"
/home/gabriel/Disk/Research/research-javascript-test-smells/repositories/list.js/__test__/parse.test.js,Duplicate Assert,"{'line': 50, 'column': 6, 'index': 1784}","  48 |       expect(list.items[0].values().born).toEqual('1986')
  49 |       expect(list.items[0].values().born).not.toEqual(1986)
> 50 |       expect(list.items[2].values().born).not.toEqual('1950')
     |      ^ Duplicate Assert
  51 |       expect(list.items[2].values().born).toEqual(1950)
  52 |     })
  53 |   })"
/home/gabriel/Disk/Research/research-javascript-test-smells/repositories/list.js/__test__/parse.test.js,Duplicate Assert,"{'line': 51, 'column': 6, 'index': 1846}","  49 |       expect(list.items[0].values().born).not.toEqual(1986)
  50 |       expect(list.items[2].values().born).not.toEqual('1950')
> 51 |       expect(list.items[2].values().born).toEqual(1950)
     |      ^ Duplicate Assert
  52 |     })
  53 |   })
  54 |"
/home/gabriel/Disk/Research/research-javascript-test-smells/repositories/list.js/__test__/parse.test.js,Global Variable,"{'line': 6, 'column': 4, 'index': 139}","  4 | describe('Parse', function () {
  5 |   describe('Parse class', function () {
> 6 |     var list
    |    ^ Global Variable
  7 |     beforeEach(function () {
  8 |       $('body').append(
  9 |         $("
/home/gabriel/Disk/Research/research-javascript-test-smells/repositories/list.js/__test__/parse.test.js,Global Variable,"{'line': 41, 'column': 6, 'index': 1305}","  39 |       expect(list.items[0].values().born).toEqual('1986')
  40 |       expect(list.items[2].values().born).toEqual(1950)
> 41 |       var el = $($('#parse-list').find('.list div')[2])
     |      ^ Global Variable
  42 |       expect(el.find('span').length).toEqual(2)
  43 |       expect(el.find('span.name').text()).toEqual('Sven')
  44 |       expect(el.find('span.born').text()).toEqual('1950')"
/home/gabriel/Disk/Research/research-javascript-test-smells/repositories/list.js/__test__/parse.test.js,Global Variable,"{'line': 56, 'column': 4, 'index': 1952}","  54 |
  55 |   describe('Parse data', function () {
> 56 |     var list
     |    ^ Global Variable
  57 |
  58 |     beforeEach(function () {
  59 |       $('body').append("
/home/gabriel/Disk/Research/research-javascript-test-smells/repositories/list.js/__test__/parse.test.js,Global Variable,"{'line': 99, 'column': 6, 'index': 3275}","   97 |     it('should get values from class, data, src, value and child els data-attribute', function () {
   98 |       expect(list.items.length).toEqual(2)
>  99 |       var jonny = list.items[0].values()
      |      ^ Global Variable
  100 |       expect(jonny.name).toEqual('Jonny')
  101 |       expect(jonny.born).toEqual('1986')
  102 |       expect(jonny.id).toEqual('1')"
/home/gabriel/Disk/Research/research-javascript-test-smells/repositories/list.js/__test__/parse.test.js,Global Variable,"{'line': 118, 'column': 6, 'index': 3887}","  116 |       })
  117 |       expect(list.items.length).toEqual(3)
> 118 |       var sven = list.items[2].values()
      |      ^ Global Variable
  119 |       expect(sven.name).toEqual('Sven')
  120 |       expect(sven.born).toEqual(1950)
  121 |       expect(sven.id).toEqual(4)"
/home/gabriel/Disk/Research/research-javascript-test-smells/repositories/list.js/__test__/parse.test.js,Global Variable,"{'line': 126, 'column': 6, 'index': 4217}","  124 |       expect(sven.timestamp).toEqual('1337')
  125 |       expect(sven.foo).toEqual('hej')
> 126 |       var el = $($('#parse-list').find('.list div')[2])
      |      ^ Global Variable
  127 |       expect(el.data('id')).toEqual(4)
  128 |       expect(el.find('.name').text()).toEqual('Sven')
  129 |       expect(el.find('.born').text()).toEqual('1950')"
/home/gabriel/Disk/Research/research-javascript-test-smells/repositories/list.js/__test__/parse.test.js,Magic Number,"{'line': 29, 'column': 40, 'index': 738}","  27 |
  28 |     it('should have two items', function () {
> 29 |       expect(list.items.length).toEqual(2)
     |                                        ^ Magic Number
  30 |       expect(list.items[0].values().name).toEqual('Jonny')
  31 |       expect(list.items[1].values().name).toEqual('Jocke')
  32 |     })"
/home/gabriel/Disk/Research/research-javascript-test-smells/repositories/list.js/__test__/parse.test.js,Magic Number,"{'line': 35, 'column': 40, 'index': 1006}","  33 |     it('should add item to parsed list', function () {
  34 |       list.add({ name: 'Sven', born: 1950 })
> 35 |       expect(list.items.length).toEqual(3)
     |                                        ^ Magic Number
  36 |       expect(list.items[0].values().name).toEqual('Jonny')
  37 |       expect(list.items[1].values().name).toEqual('Jocke')
  38 |       expect(list.items[2].values().name).toEqual('Sven')"
/home/gabriel/Disk/Research/research-javascript-test-smells/repositories/list.js/__test__/parse.test.js,Magic Number,"{'line': 40, 'column': 50, 'index': 1293}","  38 |       expect(list.items[2].values().name).toEqual('Sven')
  39 |       expect(list.items[0].values().born).toEqual('1986')
> 40 |       expect(list.items[2].values().born).toEqual(1950)
     |                                                  ^ Magic Number
  41 |       var el = $($('#parse-list').find('.list div')[2])
  42 |       expect(el.find('span').length).toEqual(2)
  43 |       expect(el.find('span.name').text()).toEqual('Sven')"
/home/gabriel/Disk/Research/research-javascript-test-smells/repositories/list.js/__test__/parse.test.js,Magic Number,"{'line': 42, 'column': 45, 'index': 1400}","  40 |       expect(list.items[2].values().born).toEqual(1950)
  41 |       var el = $($('#parse-list').find('.list div')[2])
> 42 |       expect(el.find('span').length).toEqual(2)
     |                                             ^ Magic Number
  43 |       expect(el.find('span.name').text()).toEqual('Sven')
  44 |       expect(el.find('span.born').text()).toEqual('1950')
  45 |     })"
/home/gabriel/Disk/Research/research-javascript-test-smells/repositories/list.js/__test__/parse.test.js,Magic Number,"{'line': 49, 'column': 54, 'index': 1772}","  47 |       list.add({ name: 'Sven', born: 1950 })
  48 |       expect(list.items[0].values().born).toEqual('1986')
> 49 |       expect(list.items[0].values().born).not.toEqual(1986)
     |                                                      ^ Magic Number
  50 |       expect(list.items[2].values().born).not.toEqual('1950')
  51 |       expect(list.items[2].values().born).toEqual(1950)
  52 |     })"
/home/gabriel/Disk/Research/research-javascript-test-smells/repositories/list.js/__test__/parse.test.js,Magic Number,"{'line': 51, 'column': 50, 'index': 1890}","  49 |       expect(list.items[0].values().born).not.toEqual(1986)
  50 |       expect(list.items[2].values().born).not.toEqual('1950')
> 51 |       expect(list.items[2].values().born).toEqual(1950)
     |                                                  ^ Magic Number
  52 |     })
  53 |   })
  54 |"
/home/gabriel/Disk/Research/research-javascript-test-smells/repositories/list.js/__test__/parse.test.js,Magic Number,"{'line': 98, 'column': 40, 'index': 3266}","   96 |
   97 |     it('should get values from class, data, src, value and child els data-attribute', function () {
>  98 |       expect(list.items.length).toEqual(2)
      |                                        ^ Magic Number
   99 |       var jonny = list.items[0].values()
  100 |       expect(jonny.name).toEqual('Jonny')
  101 |       expect(jonny.born).toEqual('1986')"
/home/gabriel/Disk/Research/research-javascript-test-smells/repositories/list.js/__test__/parse.test.js,Magic Number,"{'line': 117, 'column': 40, 'index': 3878}","  115 |         foo: 'hej',
  116 |       })
> 117 |       expect(list.items.length).toEqual(3)
      |                                        ^ Magic Number
  118 |       var sven = list.items[2].values()
  119 |       expect(sven.name).toEqual('Sven')
  120 |       expect(sven.born).toEqual(1950)"
/home/gabriel/Disk/Research/research-javascript-test-smells/repositories/list.js/__test__/parse.test.js,Magic Number,"{'line': 120, 'column': 32, 'index': 3993}","  118 |       var sven = list.items[2].values()
  119 |       expect(sven.name).toEqual('Sven')
> 120 |       expect(sven.born).toEqual(1950)
      |                                ^ Magic Number
  121 |       expect(sven.id).toEqual(4)
  122 |       expect(sven.image).toEqual('usage/rey.jpeg')
  123 |       expect(sven.link).toEqual('localhost')"
/home/gabriel/Disk/Research/research-javascript-test-smells/repositories/list.js/__test__/parse.test.js,Magic Number,"{'line': 121, 'column': 30, 'index': 4029}","  119 |       expect(sven.name).toEqual('Sven')
  120 |       expect(sven.born).toEqual(1950)
> 121 |       expect(sven.id).toEqual(4)
      |                              ^ Magic Number
  122 |       expect(sven.image).toEqual('usage/rey.jpeg')
  123 |       expect(sven.link).toEqual('localhost')
  124 |       expect(sven.timestamp).toEqual('1337')"
/home/gabriel/Disk/Research/research-javascript-test-smells/repositories/list.js/__test__/parse.test.js,Magic Number,"{'line': 127, 'column': 36, 'index': 4303}","  125 |       expect(sven.foo).toEqual('hej')
  126 |       var el = $($('#parse-list').find('.list div')[2])
> 127 |       expect(el.data('id')).toEqual(4)
      |                                    ^ Magic Number
  128 |       expect(el.find('.name').text()).toEqual('Sven')
  129 |       expect(el.find('.born').text()).toEqual('1950')
  130 |       expect(el.find('.image').attr('src')).toEqual('usage/rey.jpeg')"
/home/gabriel/Disk/Research/research-javascript-test-smells/repositories/list.js/__test__/parse.test.js,Magic Number,"{'line': 132, 'column': 62, 'index': 4611}","  130 |       expect(el.find('.image').attr('src')).toEqual('usage/rey.jpeg')
  131 |       expect(el.find('.link').attr('href')).toEqual('localhost')
> 132 |       expect(el.find('.timestamp').data('timestamp')).toEqual(1337)
      |                                                              ^ Magic Number
  133 |       expect(el.find('.foo').val()).toEqual('hej')
  134 |     })
  135 |   })"
/home/gabriel/Disk/Research/research-javascript-test-smells/repositories/list.js/__test__/pagination.test.js,Duplicate Assert,"{'line': 99, 'column': 6, 'index': 4552}","   97 |
   98 |     it('should handle page = 0', function () {
>  99 |       expect(list.listContainer.style.display).toBe('')
      |      ^ Duplicate Assert
  100 |       list.show(0, 0)
  101 |       expect(list.listContainer.style.display).toBe('none')
  102 |       list.show(1, 1)"
/home/gabriel/Disk/Research/research-javascript-test-smells/repositories/list.js/__test__/pagination.test.js,Duplicate Assert,"{'line': 101, 'column': 6, 'index': 4630}","   99 |       expect(list.listContainer.style.display).toBe('')
  100 |       list.show(0, 0)
> 101 |       expect(list.listContainer.style.display).toBe('none')
      |      ^ Duplicate Assert
  102 |       list.show(1, 1)
  103 |       expect(list.listContainer.style.display).toBe('block')
  104 |     })"
/home/gabriel/Disk/Research/research-javascript-test-smells/repositories/list.js/__test__/pagination.test.js,Duplicate Assert,"{'line': 103, 'column': 6, 'index': 4712}","  101 |       expect(list.listContainer.style.display).toBe('none')
  102 |       list.show(1, 1)
> 103 |       expect(list.listContainer.style.display).toBe('block')
      |      ^ Duplicate Assert
  104 |     })
  105 |   })
  106 |"
/home/gabriel/Disk/Research/research-javascript-test-smells/repositories/list.js/__test__/pagination.test.js,Duplicate Assert,"{'line': 366, 'column': 6, 'index': 16594}","  364 |
  365 |     it('should handle page = 0', function () {
> 366 |       expect(list.listContainer.style.display).toBe('')
      |      ^ Duplicate Assert
  367 |       list.show(0, 0)
  368 |       expect(list.listContainer.style.display).toBe('none')
  369 |       list.show(1, 1)"
/home/gabriel/Disk/Research/research-javascript-test-smells/repositories/list.js/__test__/pagination.test.js,Duplicate Assert,"{'line': 368, 'column': 6, 'index': 16672}","  366 |       expect(list.listContainer.style.display).toBe('')
  367 |       list.show(0, 0)
> 368 |       expect(list.listContainer.style.display).toBe('none')
      |      ^ Duplicate Assert
  369 |       list.show(1, 1)
  370 |       expect(list.listContainer.style.display).toBe('block')
  371 |     })"
/home/gabriel/Disk/Research/research-javascript-test-smells/repositories/list.js/__test__/pagination.test.js,Duplicate Assert,"{'line': 370, 'column': 6, 'index': 16754}","  368 |       expect(list.listContainer.style.display).toBe('none')
  369 |       list.show(1, 1)
> 370 |       expect(list.listContainer.style.display).toBe('block')
      |      ^ Duplicate Assert
  371 |     })
  372 |   })
  373 | })"
/home/gabriel/Disk/Research/research-javascript-test-smells/repositories/list.js/__test__/pagination.test.js,Global Variable,"{'line': 7, 'column': 4, 'index': 256}","   5 | describe('Pagination', function () {
   6 |   describe('Default settings, innerWindow: 2, outerWindow: 0, left: 0, right: 0', function () {
>  7 |     var list, itemHTML, pagination
     |    ^ Global Variable
   8 |
   9 |     beforeAll(function () {
  10 |       itemHTML = fixturePagination.list(['name'])"
/home/gabriel/Disk/Research/research-javascript-test-smells/repositories/list.js/__test__/pagination.test.js,Global Variable,"{'line': 108, 'column': 4, 'index': 4879}","  106 |
  107 |   describe('Custom settings, innerWindow: 1, outerWindow: 1, left: 0, right: 0', function () {
> 108 |     var list, itemHTML, pagination
      |    ^ Global Variable
  109 |
  110 |     beforeAll(function () {
  111 |       itemHTML = fixturePagination.list(['name'])"
/home/gabriel/Disk/Research/research-javascript-test-smells/repositories/list.js/__test__/pagination.test.js,Global Variable,"{'line': 188, 'column': 4, 'index': 8345}","  186 |
  187 |   describe('Custom settings, innerWindow: 1, outerWindow: 1, left: 2, right: 1', function () {
> 188 |     var list, itemHTML, pagination
      |    ^ Global Variable
  189 |
  190 |     beforeAll(function () {
  191 |       itemHTML = fixturePagination.list(['name'])"
/home/gabriel/Disk/Research/research-javascript-test-smells/repositories/list.js/__test__/pagination.test.js,Global Variable,"{'line': 272, 'column': 4, 'index': 12064}","  270 |
  271 |   describe('Custom settings, pagination: { item: ""<button><span class=page></span></button>"" }', function () {
> 272 |     var list, itemHTML, pagination
      |    ^ Global Variable
  273 |
  274 |     beforeAll(function () {
  275 |       itemHTML = fixturePagination.list(['name'])"
/home/gabriel/Disk/Research/research-javascript-test-smells/repositories/list.js/__test__/pagination.test.js,Magic Number,"{'line': 30, 'column': 50, 'index': 800}","  28 |
  29 |     it('should have default settings', function () {
> 30 |       expect(pagination.find('a').length).toEqual(4)
     |                                                  ^ Magic Number
  31 |       expect(pagination.find('a').get(0).innerHTML).toEqual('1')
  32 |       expect(pagination.find('a').get(1).innerHTML).toEqual('2')
  33 |       expect(pagination.find('a').get(2).innerHTML).toEqual('3')"
/home/gabriel/Disk/Research/research-javascript-test-smells/repositories/list.js/__test__/pagination.test.js,Magic Number,"{'line': 40, 'column': 50, 'index': 1281}","  38 |     it('should show same pages for show(7,2) and show(8,2)', function () {
  39 |       list.show(7, 2)
> 40 |       expect(pagination.find('a').length).toEqual(7)
     |                                                  ^ Magic Number
  41 |       expect(pagination.find('a').get(0).innerHTML).toEqual('...')
  42 |       expect(pagination.find('a').get(1).innerHTML).toEqual('2')
  43 |       expect(pagination.find('a').get(2).innerHTML).toEqual('3')"
/home/gabriel/Disk/Research/research-javascript-test-smells/repositories/list.js/__test__/pagination.test.js,Magic Number,"{'line': 56, 'column': 50, 'index': 2198}","  54 |     it('should show same pages for show(7,2) and show(8,2)', function () {
  55 |       list.show(8, 2)
> 56 |       expect(pagination.find('a').length).toEqual(7)
     |                                                  ^ Magic Number
  57 |       expect(pagination.find('a').get(0).innerHTML).toEqual('...')
  58 |       expect(pagination.find('a').get(1).innerHTML).toEqual('2')
  59 |       expect(pagination.find('a').get(2).innerHTML).toEqual('3')"
/home/gabriel/Disk/Research/research-javascript-test-smells/repositories/list.js/__test__/pagination.test.js,Magic Number,"{'line': 72, 'column': 50, 'index': 3088}","  70 |     it('should test show(14,2)', function () {
  71 |       list.show(14, 2)
> 72 |       expect(pagination.find('a').length).toEqual(6)
     |                                                  ^ Magic Number
  73 |       expect(pagination.find('a').get(0).innerHTML).toEqual('...')
  74 |       expect(pagination.find('a').get(1).innerHTML).toEqual('5')
  75 |       expect(pagination.find('a').get(2).innerHTML).toEqual('6')"
/home/gabriel/Disk/Research/research-javascript-test-smells/repositories/list.js/__test__/pagination.test.js,Magic Number,"{'line': 87, 'column': 50, 'index': 3926}","  85 |     it('should show last page with show(17,2)', function () {
  86 |       list.show(17, 2)
> 87 |       expect(pagination.find('a').length).toEqual(4)
     |                                                  ^ Magic Number
  88 |       expect(pagination.find('a').get(0).innerHTML).toEqual('...')
  89 |       expect(pagination.find('a').get(1).innerHTML).toEqual('7')
  90 |       expect(pagination.find('a').get(2).innerHTML).toEqual('8')"
/home/gabriel/Disk/Research/research-javascript-test-smells/repositories/list.js/__test__/pagination.test.js,Magic Number,"{'line': 134, 'column': 50, 'index': 5488}","  132 |
  133 |     it('should have default settings', function () {
> 134 |       expect(pagination.find('a').length).toEqual(4)
      |                                                  ^ Magic Number
  135 |       expect(pagination.find('a').get(0).innerHTML).toEqual('1')
  136 |       expect(pagination.find('a').get(1).innerHTML).toEqual('2')
  137 |       expect(pagination.find('a').get(2).innerHTML).toEqual('...')"
/home/gabriel/Disk/Research/research-javascript-test-smells/repositories/list.js/__test__/pagination.test.js,Magic Number,"{'line': 144, 'column': 50, 'index': 5940}","  142 |     it('should test show(7,2)', function () {
  143 |       list.show(7, 2)
> 144 |       expect(pagination.find('a').length).toEqual(7)
      |                                                  ^ Magic Number
  145 |       expect(pagination.find('a').get(0).innerHTML).toEqual('1')
  146 |       expect(pagination.find('a').get(1).innerHTML).toEqual('...')
  147 |       expect(pagination.find('a').get(2).innerHTML).toEqual('3')"
/home/gabriel/Disk/Research/research-javascript-test-smells/repositories/list.js/__test__/pagination.test.js,Magic Number,"{'line': 160, 'column': 50, 'index': 6830}","  158 |     it('should test show(14,2)', function () {
  159 |       list.show(14, 2)
> 160 |       expect(pagination.find('a').length).toEqual(6)
      |                                                  ^ Magic Number
  161 |       expect(pagination.find('a').get(0).innerHTML).toEqual('1')
  162 |       expect(pagination.find('a').get(1).innerHTML).toEqual('...')
  163 |       expect(pagination.find('a').get(2).innerHTML).toEqual('6')"
/home/gabriel/Disk/Research/research-javascript-test-smells/repositories/list.js/__test__/pagination.test.js,Magic Number,"{'line': 175, 'column': 50, 'index': 7668}","  173 |     it('should show last page with show(17,2)', function () {
  174 |       list.show(17, 2)
> 175 |       expect(pagination.find('a').length).toEqual(4)
      |                                                  ^ Magic Number
  176 |       expect(pagination.find('a').get(0).innerHTML).toEqual('1')
  177 |       expect(pagination.find('a').get(1).innerHTML).toEqual('...')
  178 |       expect(pagination.find('a').get(2).innerHTML).toEqual('8')"
/home/gabriel/Disk/Research/research-javascript-test-smells/repositories/list.js/__test__/pagination.test.js,Magic Number,"{'line': 216, 'column': 50, 'index': 8997}","  214 |
  215 |     it('should have default settings', function () {
> 216 |       expect(pagination.find('a').length).toEqual(4)
      |                                                  ^ Magic Number
  217 |       expect(pagination.find('a').get(0).innerHTML).toEqual('1')
  218 |       expect(pagination.find('a').get(1).innerHTML).toEqual('2')
  219 |       expect(pagination.find('a').get(2).innerHTML).toEqual('...')"
/home/gabriel/Disk/Research/research-javascript-test-smells/repositories/list.js/__test__/pagination.test.js,Magic Number,"{'line': 226, 'column': 50, 'index': 9449}","  224 |     it('should test show(7,2)', function () {
  225 |       list.show(7, 2)
> 226 |       expect(pagination.find('a').length).toEqual(7)
      |                                                  ^ Magic Number
  227 |       expect(pagination.find('a').get(0).innerHTML).toEqual('1')
  228 |       expect(pagination.find('a').get(1).innerHTML).toEqual('2')
  229 |       expect(pagination.find('a').get(2).innerHTML).toEqual('3')"
/home/gabriel/Disk/Research/research-javascript-test-smells/repositories/list.js/__test__/pagination.test.js,Magic Number,"{'line': 242, 'column': 50, 'index': 10337}","  240 |     it('should test show(12,2)', function () {
  241 |       list.show(12, 2)
> 242 |       expect(pagination.find('a').length).toEqual(8)
      |                                                  ^ Magic Number
  243 |       expect(pagination.find('a').get(0).innerHTML).toEqual('1')
  244 |       expect(pagination.find('a').get(1).innerHTML).toEqual('2')
  245 |       expect(pagination.find('a').get(2).innerHTML).toEqual('...')"
/home/gabriel/Disk/Research/research-javascript-test-smells/repositories/list.js/__test__/pagination.test.js,Magic Number,"{'line': 258, 'column': 50, 'index': 11306}","  256 |     it('should show last page with show(17,2)', function () {
  257 |       list.show(17, 2)
> 258 |       expect(pagination.find('a').length).toEqual(5)
      |                                                  ^ Magic Number
  259 |       expect(pagination.find('a').get(0).innerHTML).toEqual('1')
  260 |       expect(pagination.find('a').get(1).innerHTML).toEqual('2')
  261 |       expect(pagination.find('a').get(2).innerHTML).toEqual('...')"
/home/gabriel/Disk/Research/research-javascript-test-smells/repositories/list.js/__test__/pagination.test.js,Magic Number,"{'line': 297, 'column': 53, 'index': 12683}","  295 |
  296 |     it('should have default settings', function () {
> 297 |       expect(pagination.find('span').length).toEqual(4)
      |                                                     ^ Magic Number
  298 |       expect(pagination.find('span').get(0).innerHTML).toEqual('1')
  299 |       expect(pagination.find('span').get(1).innerHTML).toEqual('2')
  300 |       expect(pagination.find('span').get(2).innerHTML).toEqual('3')"
/home/gabriel/Disk/Research/research-javascript-test-smells/repositories/list.js/__test__/pagination.test.js,Magic Number,"{'line': 307, 'column': 53, 'index': 13182}","  305 |     it('should show same pages for show(7,2) and show(8,2)', function () {
  306 |       list.show(7, 2)
> 307 |       expect(pagination.find('span').length).toEqual(7)
      |                                                     ^ Magic Number
  308 |       expect(pagination.find('span').get(0).innerHTML).toEqual('...')
  309 |       expect(pagination.find('span').get(1).innerHTML).toEqual('2')
  310 |       expect(pagination.find('span').get(2).innerHTML).toEqual('3')"
/home/gabriel/Disk/Research/research-javascript-test-smells/repositories/list.js/__test__/pagination.test.js,Magic Number,"{'line': 323, 'column': 53, 'index': 14138}","  321 |     it('should show same pages for show(7,2) and show(8,2)', function () {
  322 |       list.show(8, 2)
> 323 |       expect(pagination.find('span').length).toEqual(7)
      |                                                     ^ Magic Number
  324 |       expect(pagination.find('span').get(0).innerHTML).toEqual('...')
  325 |       expect(pagination.find('span').get(1).innerHTML).toEqual('2')
  326 |       expect(pagination.find('span').get(2).innerHTML).toEqual('3')"
/home/gabriel/Disk/Research/research-javascript-test-smells/repositories/list.js/__test__/pagination.test.js,Magic Number,"{'line': 339, 'column': 53, 'index': 15067}","  337 |     it('should test show(14,2)', function () {
  338 |       list.show(14, 2)
> 339 |       expect(pagination.find('span').length).toEqual(6)
      |                                                     ^ Magic Number
  340 |       expect(pagination.find('span').get(0).innerHTML).toEqual('...')
  341 |       expect(pagination.find('span').get(1).innerHTML).toEqual('5')
  342 |       expect(pagination.find('span').get(2).innerHTML).toEqual('6')"
/home/gabriel/Disk/Research/research-javascript-test-smells/repositories/list.js/__test__/pagination.test.js,Magic Number,"{'line': 354, 'column': 53, 'index': 15941}","  352 |     it('should show last page with show(17,2)', function () {
  353 |       list.show(17, 2)
> 354 |       expect(pagination.find('span').length).toEqual(4)
      |                                                     ^ Magic Number
  355 |       expect(pagination.find('span').get(0).innerHTML).toEqual('...')
  356 |       expect(pagination.find('span').get(1).innerHTML).toEqual('7')
  357 |       expect(pagination.find('span').get(2).innerHTML).toEqual('8')"
/home/gabriel/Disk/Research/research-javascript-test-smells/repositories/list.js/__test__/on.test.js,Conditional Test Logic,"{'line': 63, 'column': 8, 'index': 1558}","  61 |         // This function is called from both handlers.
  62 |         // When the count reaches 2, we know both have executed.
> 63 |         if (callCount === 2) {
     |        ^ Conditional Test Logic
  64 |             expect(callCount).toBe(2);
  65 |             done();
  66 |         }"
/home/gabriel/Disk/Research/research-javascript-test-smells/repositories/list.js/__test__/on.test.js,Conditional Test Logic,"{'line': 90, 'column': 8, 'index': 2124}","  88 |       })
  89 |       list.on('searchComplete', function (list) {
> 90 |         if (done1) {
     |        ^ Conditional Test Logic
  91 |           done()
  92 |         }
  93 |       })"
/home/gabriel/Disk/Research/research-javascript-test-smells/repositories/list.js/__test__/on.test.js,Conditional Test Logic,"{'line': 105, 'column': 8, 'index': 2471}","  103 |       })
  104 |       list.on('sortComplete', function (list) {
> 105 |         if (done1) {
      |        ^ Conditional Test Logic
  106 |           done()
  107 |         }
  108 |       })"
/home/gabriel/Disk/Research/research-javascript-test-smells/repositories/list.js/__test__/on.test.js,Conditional Test Logic,"{'line': 120, 'column': 8, 'index': 2823}","  118 |       })
  119 |       list.on('filterComplete', function (list) {
> 120 |         if (done1) {
      |        ^ Conditional Test Logic
  121 |           done()
  122 |         }
  123 |       })"
/home/gabriel/Disk/Research/research-javascript-test-smells/repositories/list.js/__test__/on.test.js,Global Variable,"{'line': 4, 'column': 2, 'index': 70}","  2 |
  3 | describe('On', function () {
> 4 |   var list
    |  ^ Global Variable
  5 |
  6 |   beforeEach(function () {
  7 |     list = fixture.list(['name', 'born'], fixture.all)"
/home/gabriel/Disk/Research/research-javascript-test-smells/repositories/list.js/__test__/on.test.js,Global Variable,"{'line': 85, 'column': 6, 'index': 1971}","  83 |   describe('Search', function () {
  84 |     it('should be triggered before and after search', function (done) {
> 85 |       var done1 = false
     |      ^ Global Variable
  86 |       list.on('searchStart', function (list) {
  87 |         done1 = true
  88 |       })"
/home/gabriel/Disk/Research/research-javascript-test-smells/repositories/list.js/__test__/on.test.js,Global Variable,"{'line': 100, 'column': 6, 'index': 2322}","   98 |   describe('Sort', function () {
   99 |     it('should be triggered before and after sort', function (done) {
> 100 |       var done1 = false
      |      ^ Global Variable
  101 |       list.on('sortStart', function (list) {
  102 |         done1 = true
  103 |       })"
/home/gabriel/Disk/Research/research-javascript-test-smells/repositories/list.js/__test__/on.test.js,Global Variable,"{'line': 115, 'column': 6, 'index': 2670}","  113 |   describe('Filter', function () {
  114 |     it('should be triggered before and after filter', function (done) {
> 115 |       var done1 = false
      |      ^ Global Variable
  116 |       list.on('filterStart', function (list) {
  117 |         done1 = true
  118 |       })"
/home/gabriel/Disk/Research/research-javascript-test-smells/repositories/list.js/__test__/on.test.js,Magic Number,"{'line': 64, 'column': 35, 'index': 1616}","  62 |         // When the count reaches 2, we know both have executed.
  63 |         if (callCount === 2) {
> 64 |             expect(callCount).toBe(2);
     |                                   ^ Magic Number
  65 |             done();
  66 |         }
  67 |     };"
/home/gabriel/Disk/Research/research-javascript-test-smells/repositories/list.js/__test__/on.test.js,Unknown Test,"{'column': 4, 'line': 15}","  13 |
  14 |   describe('Updated', function () {
> 15 |     it('should be triggered after search', function (done) {
     |    ^ Unknown Test
  16 |       list.on('updated', function (list) {
  17 |         done()
  18 |       })"
/home/gabriel/Disk/Research/research-javascript-test-smells/repositories/list.js/__test__/on.test.js,Unknown Test,"{'column': 4, 'line': 21}","  19 |       list.search('jonny')
  20 |     })
> 21 |     it('should be triggered after sort', function (done) {
     |    ^ Unknown Test
  22 |       list.on('updated', function (list) {
  23 |         done()
  24 |       })"
/home/gabriel/Disk/Research/research-javascript-test-smells/repositories/list.js/__test__/on.test.js,Unknown Test,"{'column': 4, 'line': 27}","  25 |       list.sort('name')
  26 |     })
> 27 |     it('should be triggered after filter', function (done) {
     |    ^ Unknown Test
  28 |       list.on('updated', function (list) {
  29 |         done()
  30 |       })"
/home/gabriel/Disk/Research/research-javascript-test-smells/repositories/list.js/__test__/on.test.js,Unknown Test,"{'column': 4, 'line': 35}","  33 |       })
  34 |     })
> 35 |     it('should be triggered after show', function (done) {
     |    ^ Unknown Test
  36 |       list.on('updated', function (list) {
  37 |         done()
  38 |       })"
/home/gabriel/Disk/Research/research-javascript-test-smells/repositories/list.js/__test__/on.test.js,Unknown Test,"{'column': 4, 'line': 42}","  40 |     })
  41 |
> 42 |     it('should be triggered after add', function (done) {
     |    ^ Unknown Test
  43 |       list.on('updated', function (list) {
  44 |         done()
  45 |       })"
/home/gabriel/Disk/Research/research-javascript-test-smells/repositories/list.js/__test__/on.test.js,Unknown Test,"{'column': 4, 'line': 48}","  46 |       list.add({ name: 'Hej' })
  47 |     })
> 48 |     it('should be triggered after remove', function (done) {
     |    ^ Unknown Test
  49 |       list.on('updated', function (list) {
  50 |         done()
  51 |       })"
/home/gabriel/Disk/Research/research-javascript-test-smells/repositories/list.js/__test__/on.test.js,Unknown Test,"{'column': 4, 'line': 84}","  82 |
  83 |   describe('Search', function () {
> 84 |     it('should be triggered before and after search', function (done) {
     |    ^ Unknown Test
  85 |       var done1 = false
  86 |       list.on('searchStart', function (list) {
  87 |         done1 = true"
/home/gabriel/Disk/Research/research-javascript-test-smells/repositories/list.js/__test__/on.test.js,Unknown Test,"{'column': 4, 'line': 99}","   97 |
   98 |   describe('Sort', function () {
>  99 |     it('should be triggered before and after sort', function (done) {
      |    ^ Unknown Test
  100 |       var done1 = false
  101 |       list.on('sortStart', function (list) {
  102 |         done1 = true"
/home/gabriel/Disk/Research/research-javascript-test-smells/repositories/list.js/__test__/on.test.js,Unknown Test,"{'column': 4, 'line': 114}","  112 |
  113 |   describe('Filter', function () {
> 114 |     it('should be triggered before and after filter', function (done) {
      |    ^ Unknown Test
  115 |       var done1 = false
  116 |       list.on('filterStart', function (list) {
  117 |         done1 = true"
/home/gabriel/Disk/Research/research-javascript-test-smells/repositories/list.js/__test__/off.test.js,Duplicate Assert,"{'line': 17, 'column': 8, 'index': 365}","  15 |     it('should be remove added handler', function (done) {
  16 |       var updated = function (list) {
> 17 |         expect(list.handlers.updated.length).toEqual(1)
     |        ^ Duplicate Assert
  18 |         list.off('updated', updated)
  19 |         expect(list.handlers.updated.length).toEqual(0)
  20 |         done()"
/home/gabriel/Disk/Research/research-javascript-test-smells/repositories/list.js/__test__/off.test.js,Duplicate Assert,"{'line': 19, 'column': 8, 'index': 458}","  17 |         expect(list.handlers.updated.length).toEqual(1)
  18 |         list.off('updated', updated)
> 19 |         expect(list.handlers.updated.length).toEqual(0)
     |        ^ Duplicate Assert
  20 |         done()
  21 |       }
  22 |       list.on('updated', updated)"
/home/gabriel/Disk/Research/research-javascript-test-smells/repositories/list.js/__test__/off.test.js,Duplicate Assert,"{'line': 28, 'column': 8, 'index': 714}","  26 |     it('should not remove unnamed handlers', function (done) {
  27 |       var searchComplete = function (list) {
> 28 |         expect(list.handlers.searchComplete.length).toEqual(3)
     |        ^ Duplicate Assert
  29 |         list.off('searchComplete', function () {})
  30 |         list.off('searchComplete', searchComplete)
  31 |         expect(list.handlers.searchComplete.length).toEqual(2)"
/home/gabriel/Disk/Research/research-javascript-test-smells/repositories/list.js/__test__/off.test.js,Duplicate Assert,"{'line': 31, 'column': 8, 'index': 879}","  29 |         list.off('searchComplete', function () {})
  30 |         list.off('searchComplete', searchComplete)
> 31 |         expect(list.handlers.searchComplete.length).toEqual(2)
     |        ^ Duplicate Assert
  32 |         done()
  33 |       }
  34 |       list.on('searchComplete', function () {})"
/home/gabriel/Disk/Research/research-javascript-test-smells/repositories/list.js/__test__/off.test.js,Global Variable,"{'line': 4, 'column': 2, 'index': 71}","  2 |
  3 | describe('Off', function () {
> 4 |   var list
    |  ^ Global Variable
  5 |
  6 |   beforeAll(function () {
  7 |     list = fixture.list(['name', 'born'], fixture.all)"
/home/gabriel/Disk/Research/research-javascript-test-smells/repositories/list.js/__test__/off.test.js,Global Variable,"{'line': 16, 'column': 6, 'index': 325}","  14 |   describe('General', function () {
  15 |     it('should be remove added handler', function (done) {
> 16 |       var updated = function (list) {
     |      ^ Global Variable
  17 |         expect(list.handlers.updated.length).toEqual(1)
  18 |         list.off('updated', updated)
  19 |         expect(list.handlers.updated.length).toEqual(0)"
/home/gabriel/Disk/Research/research-javascript-test-smells/repositories/list.js/__test__/off.test.js,Global Variable,"{'line': 27, 'column': 6, 'index': 667}","  25 |
  26 |     it('should not remove unnamed handlers', function (done) {
> 27 |       var searchComplete = function (list) {
     |      ^ Global Variable
  28 |         expect(list.handlers.searchComplete.length).toEqual(3)
  29 |         list.off('searchComplete', function () {})
  30 |         list.off('searchComplete', searchComplete)"
/home/gabriel/Disk/Research/research-javascript-test-smells/repositories/list.js/__test__/off.test.js,Magic Number,"{'line': 17, 'column': 53, 'index': 410}","  15 |     it('should be remove added handler', function (done) {
  16 |       var updated = function (list) {
> 17 |         expect(list.handlers.updated.length).toEqual(1)
     |                                                     ^ Magic Number
  18 |         list.off('updated', updated)
  19 |         expect(list.handlers.updated.length).toEqual(0)
  20 |         done()"
/home/gabriel/Disk/Research/research-javascript-test-smells/repositories/list.js/__test__/off.test.js,Magic Number,"{'line': 19, 'column': 53, 'index': 503}","  17 |         expect(list.handlers.updated.length).toEqual(1)
  18 |         list.off('updated', updated)
> 19 |         expect(list.handlers.updated.length).toEqual(0)
     |                                                     ^ Magic Number
  20 |         done()
  21 |       }
  22 |       list.on('updated', updated)"
/home/gabriel/Disk/Research/research-javascript-test-smells/repositories/list.js/__test__/off.test.js,Magic Number,"{'line': 28, 'column': 60, 'index': 766}","  26 |     it('should not remove unnamed handlers', function (done) {
  27 |       var searchComplete = function (list) {
> 28 |         expect(list.handlers.searchComplete.length).toEqual(3)
     |                                                            ^ Magic Number
  29 |         list.off('searchComplete', function () {})
  30 |         list.off('searchComplete', searchComplete)
  31 |         expect(list.handlers.searchComplete.length).toEqual(2)"
/home/gabriel/Disk/Research/research-javascript-test-smells/repositories/list.js/__test__/off.test.js,Magic Number,"{'line': 31, 'column': 60, 'index': 931}","  29 |         list.off('searchComplete', function () {})
  30 |         list.off('searchComplete', searchComplete)
> 31 |         expect(list.handlers.searchComplete.length).toEqual(2)
     |                                                            ^ Magic Number
  32 |         done()
  33 |       }
  34 |       list.on('searchComplete', function () {})"
/home/gabriel/Disk/Research/research-javascript-test-smells/repositories/list.js/__test__/item.test.js,Duplicate Assert,"{'line': 59, 'column': 6, 'index': 1421}","  57 |     })
  58 |     it('should be able to change one value', function () {
> 59 |       expect(item.values().name).toBe('Jonny')
     |      ^ Duplicate Assert
  60 |       item.values({ name: 'Egon' })
  61 |       expect(item.values().name).toBe('Egon')
  62 |     })"
/home/gabriel/Disk/Research/research-javascript-test-smells/repositories/list.js/__test__/item.test.js,Duplicate Assert,"{'line': 61, 'column': 6, 'index': 1504}","  59 |       expect(item.values().name).toBe('Jonny')
  60 |       item.values({ name: 'Egon' })
> 61 |       expect(item.values().name).toBe('Egon')
     |      ^ Duplicate Assert
  62 |     })
  63 |     it('should be able to change many value', function () {
  64 |       expect(item.values()).toEqual({"
/home/gabriel/Disk/Research/research-javascript-test-smells/repositories/list.js/__test__/item.test.js,Duplicate Assert,"{'line': 64, 'column': 6, 'index': 1617}","  62 |     })
  63 |     it('should be able to change many value', function () {
> 64 |       expect(item.values()).toEqual({
     |      ^ Duplicate Assert
  65 |         name: 'Egon',
  66 |         born: '1986',
  67 |         doin: 'Living the dream',"
/home/gabriel/Disk/Research/research-javascript-test-smells/repositories/list.js/__test__/item.test.js,Duplicate Assert,"{'line': 74, 'column': 6, 'index': 1840}","  72 |         doin: 'Is dead',
  73 |       })
> 74 |       expect(item.values()).toEqual({
     |      ^ Duplicate Assert
  75 |         name: 'Sven',
  76 |         born: '1801',
  77 |         doin: 'Is dead',"
/home/gabriel/Disk/Research/research-javascript-test-smells/repositories/list.js/__test__/item.test.js,Duplicate Assert,"{'line': 84, 'column': 6, 'index': 2058}","  82 |   describe('Hide, show, visible', function () {
  83 |     it('should be hidden', function () {
> 84 |       expect($('#list li').length).toEqual(1)
     |      ^ Duplicate Assert
  85 |       item.hide()
  86 |       expect(item.visible()).toBe(false)
  87 |       expect($('#list li').length).toEqual(0)"
/home/gabriel/Disk/Research/research-javascript-test-smells/repositories/list.js/__test__/item.test.js,Duplicate Assert,"{'line': 87, 'column': 6, 'index': 2163}","  85 |       item.hide()
  86 |       expect(item.visible()).toBe(false)
> 87 |       expect($('#list li').length).toEqual(0)
     |      ^ Duplicate Assert
  88 |     })
  89 |     it('should be visible', function () {
  90 |       item.hide()"
/home/gabriel/Disk/Research/research-javascript-test-smells/repositories/list.js/__test__/item.test.js,Duplicate Assert,"{'line': 91, 'column': 6, 'index': 2276}","  89 |     it('should be visible', function () {
  90 |       item.hide()
> 91 |       expect($('#list li').length).toEqual(0)
     |      ^ Duplicate Assert
  92 |       item.show()
  93 |       expect(item.visible()).toBe(true)
  94 |       expect($('#list li').length).toEqual(1)"
/home/gabriel/Disk/Research/research-javascript-test-smells/repositories/list.js/__test__/item.test.js,Duplicate Assert,"{'line': 94, 'column': 6, 'index': 2380}","  92 |       item.show()
  93 |       expect(item.visible()).toBe(true)
> 94 |       expect($('#list li').length).toEqual(1)
     |      ^ Duplicate Assert
  95 |     })
  96 |   })
  97 |"
/home/gabriel/Disk/Research/research-javascript-test-smells/repositories/list.js/__test__/item.test.js,Global Variable,"{'line': 5, 'column': 2, 'index': 97}","  3 |
  4 | describe('Item', function () {
> 5 |   var list, item
    |  ^ Global Variable
  6 |
  7 |   beforeAll(function () {
  8 |     list = fixture.list("
/home/gabriel/Disk/Research/research-javascript-test-smells/repositories/list.js/__test__/item.test.js,Global Variable,"{'line': 108, 'column': 8, 'index': 2893}","  106 |       })
  107 |       it('should be visble, match and found but not filterd', function () {
> 108 |         var result = list.search('Sven')
      |        ^ Global Variable
  109 |         expect(item.matching()).toBe(true)
  110 |         expect(item.found).toBe(true)
  111 |         expect(item.filtered).toBe(false)"
/home/gabriel/Disk/Research/research-javascript-test-smells/repositories/list.js/__test__/item.test.js,Magic Number,"{'line': 84, 'column': 43, 'index': 2095}","  82 |   describe('Hide, show, visible', function () {
  83 |     it('should be hidden', function () {
> 84 |       expect($('#list li').length).toEqual(1)
     |                                           ^ Magic Number
  85 |       item.hide()
  86 |       expect(item.visible()).toBe(false)
  87 |       expect($('#list li').length).toEqual(0)"
/home/gabriel/Disk/Research/research-javascript-test-smells/repositories/list.js/__test__/item.test.js,Magic Number,"{'line': 87, 'column': 43, 'index': 2200}","  85 |       item.hide()
  86 |       expect(item.visible()).toBe(false)
> 87 |       expect($('#list li').length).toEqual(0)
     |                                           ^ Magic Number
  88 |     })
  89 |     it('should be visible', function () {
  90 |       item.hide()"
/home/gabriel/Disk/Research/research-javascript-test-smells/repositories/list.js/__test__/item.test.js,Magic Number,"{'line': 91, 'column': 43, 'index': 2313}","  89 |     it('should be visible', function () {
  90 |       item.hide()
> 91 |       expect($('#list li').length).toEqual(0)
     |                                           ^ Magic Number
  92 |       item.show()
  93 |       expect(item.visible()).toBe(true)
  94 |       expect($('#list li').length).toEqual(1)"
/home/gabriel/Disk/Research/research-javascript-test-smells/repositories/list.js/__test__/item.test.js,Magic Number,"{'line': 94, 'column': 43, 'index': 2417}","  92 |       item.show()
  93 |       expect(item.visible()).toBe(true)
> 94 |       expect($('#list li').length).toEqual(1)
     |                                           ^ Magic Number
  95 |     })
  96 |   })
  97 |"
/home/gabriel/Disk/Research/research-javascript-test-smells/repositories/list.js/__test__/fuzzysearch.test.js,Conditional Test Logic,"{'line': 6, 'column': 2, 'index': 148}","  4 |
  5 | function fireKeyup(el) {
> 6 |   if (document.createEvent) {
    |  ^ Conditional Test Logic
  7 |     var evObj
  8 |     if (window.KeyEvent) {
  9 |       evObj = document.createEvent('KeyEvents')"
/home/gabriel/Disk/Research/research-javascript-test-smells/repositories/list.js/__test__/fuzzysearch.test.js,Conditional Test Logic,"{'line': 8, 'column': 4, 'index': 194}","   6 |   if (document.createEvent) {
   7 |     var evObj
>  8 |     if (window.KeyEvent) {
     |    ^ Conditional Test Logic
   9 |       evObj = document.createEvent('KeyEvents')
  10 |       evObj.initKeyEvent('keyup', true, true, window, false, false, false, false, 13, 0)
  11 |     } else {"
/home/gabriel/Disk/Research/research-javascript-test-smells/repositories/list.js/__test__/fuzzysearch.test.js,Conditional Test Logic,"{'line': 16, 'column': 9, 'index': 513}","  14 |     }
  15 |     el.dispatchEvent(evObj)
> 16 |   } else if (document.createEventObject) {
     |         ^ Conditional Test Logic
  17 |     el.fireEvent('onkeyup')
  18 |   } else {
  19 |     // IE 5.0, seriously? :)"
/home/gabriel/Disk/Research/research-javascript-test-smells/repositories/list.js/__test__/fuzzysearch.test.js,Global Variable,"{'line': 7, 'column': 4, 'index': 180}","   5 | function fireKeyup(el) {
   6 |   if (document.createEvent) {
>  7 |     var evObj
     |    ^ Global Variable
   8 |     if (window.KeyEvent) {
   9 |       evObj = document.createEvent('KeyEvents')
  10 |       evObj.initKeyEvent('keyup', true, true, window, false, false, false, false, 13, 0)"
/home/gabriel/Disk/Research/research-javascript-test-smells/repositories/list.js/__test__/fuzzysearch.test.js,Global Variable,"{'line': 24, 'column': 2, 'index': 663}","  22 |
  23 | describe('Fuzzy Search', function () {
> 24 |   var list, itemHTML, pagination
     |  ^ Global Variable
  25 |
  26 |   beforeEach(function () {
  27 |     itemHTML = fixtureFuzzysearch.list(['name', 'born'])"
/home/gabriel/Disk/Research/research-javascript-test-smells/repositories/list.js/__test__/fuzzysearch.test.js,Magic Number,"{'line': 48, 'column': 43, 'index': 1244}","  46 |   it('should find result', function () {
  47 |     list.fuzzySearch('guybrush')
> 48 |     expect(list.matchingItems.length).toBe(1)
     |                                           ^ Magic Number
  49 |   })
  50 |
  51 |   it('should find result', function () {"
/home/gabriel/Disk/Research/research-javascript-test-smells/repositories/list.js/__test__/fuzzysearch.test.js,Magic Number,"{'line': 53, 'column': 43, 'index': 1368}","  51 |   it('should find result', function () {
  52 |     list.fuzzySearch('g thre')
> 53 |     expect(list.matchingItems.length).toBe(1)
     |                                           ^ Magic Number
  54 |   })
  55 |
  56 |   it('should find result', function () {"
/home/gabriel/Disk/Research/research-javascript-test-smells/repositories/list.js/__test__/fuzzysearch.test.js,Magic Number,"{'line': 58, 'column': 43, 'index': 1490}","  56 |   it('should find result', function () {
  57 |     list.fuzzySearch('thre')
> 58 |     expect(list.matchingItems.length).toBe(4)
     |                                           ^ Magic Number
  59 |   })
  60 |
  61 |   describe('Search field', function () {"
/home/gabriel/Disk/Research/research-javascript-test-smells/repositories/list.js/__test__/fuzzysearch.test.js,Unknown Test,"{'column': 4, 'line': 62}","  60 |
  61 |   describe('Search field', function () {
> 62 |     it('should trigger searchStart', function (done) {
     |    ^ Unknown Test
  63 |       list.on('searchStart', function () {
  64 |         done()
  65 |       })"
/home/gabriel/Disk/Research/research-javascript-test-smells/repositories/list.js/__test__/fuzzysearch.test.js,Unknown Test,"{'column': 4, 'line': 70}","  68 |     })
  69 |
> 70 |     it('should trigger searchComplete', function (done) {
     |    ^ Unknown Test
  71 |       list.on('searchComplete', function () {
  72 |         done()
  73 |       })"
/home/gabriel/Disk/Research/research-javascript-test-smells/repositories/list.js/__test__/filter.test.js,Conditional Test Logic,"{'line': 38, 'column': 6, 'index': 1149}","  36 |       })
  37 |       expect(result.length).toEqual(3)
> 38 |       for (var i = 0; i < result.length; i++) {
     |      ^ Conditional Test Logic
  39 |         expect(result[i].values().born).toEqual('1986')
  40 |       }
  41 |     })"
/home/gabriel/Disk/Research/research-javascript-test-smells/repositories/list.js/__test__/filter.test.js,Global Variable,"{'line': 4, 'column': 2, 'index': 74}","  2 |
  3 | describe('Filter', function () {
> 4 |   var list, jonny, martina, angelica, sebastian, imma, hasse
    |  ^ Global Variable
  5 |
  6 |   beforeAll(function () {
  7 |     list = fixture.list(['name', 'born'], fixture.all)"
/home/gabriel/Disk/Research/research-javascript-test-smells/repositories/list.js/__test__/filter.test.js,Global Variable,"{'line': 27, 'column': 6, 'index': 765}","  25 |   describe('Basics', function () {
  26 |     it('should return everyone born after 1988', function () {
> 27 |       var result = list.filter(function (item) {
     |      ^ Global Variable
  28 |         return item.values().born > 1988
  29 |       })
  30 |       expect(result.length).toEqual(1)"
/home/gabriel/Disk/Research/research-javascript-test-smells/repositories/list.js/__test__/filter.test.js,Global Variable,"{'line': 34, 'column': 6, 'index': 1010}","  32 |     })
  33 |     it('should return everyone born 1986', function () {
> 34 |       var result = list.filter(function (item) {
     |      ^ Global Variable
  35 |         return item.values().born == 1986
  36 |       })
  37 |       expect(result.length).toEqual(3)"
/home/gabriel/Disk/Research/research-javascript-test-smells/repositories/list.js/__test__/filter.test.js,Global Variable,"{'line': 38, 'column': 11, 'index': 1154}","  36 |       })
  37 |       expect(result.length).toEqual(3)
> 38 |       for (var i = 0; i < result.length; i++) {
     |           ^ Global Variable
  39 |         expect(result[i].values().born).toEqual('1986')
  40 |       }
  41 |     })"
/home/gabriel/Disk/Research/research-javascript-test-smells/repositories/list.js/__test__/filter.test.js,Global Variable,"{'line': 47, 'column': 6, 'index': 1395}","  45 |     it('should return the visible items', function () {
  46 |       list.show(1, 2)
> 47 |       var result = list.filter(function (item) {
     |      ^ Global Variable
  48 |         return item.values().born > 1985
  49 |       })
  50 |       expect(result).toEqual(list.visibleItems)"
/home/gabriel/Disk/Research/research-javascript-test-smells/repositories/list.js/__test__/filter.test.js,Global Variable,"{'line': 55, 'column': 6, 'index': 1644}","  53 |     it('should return be 2 visible items and 3 matching', function () {
  54 |       list.show(1, 2)
> 55 |       var result = list.filter(function (item) {
     |      ^ Global Variable
  56 |         return item.values().born > 1985
  57 |       })
  58 |       expect(result.length).toEqual(2)"
/home/gabriel/Disk/Research/research-javascript-test-smells/repositories/list.js/__test__/filter.test.js,Global Variable,"{'line': 66, 'column': 8, 'index': 1993}","  64 |       beforeEach(function () {
  65 |         list.show(1, 2)
> 66 |         var result = list.filter(function (item) {
     |        ^ Global Variable
  67 |           return item.values().born > 1985
  68 |         })
  69 |       })"
/home/gabriel/Disk/Research/research-javascript-test-smells/repositories/list.js/__test__/filter.test.js,Magic Number,"{'line': 30, 'column': 36, 'index': 894}","  28 |         return item.values().born > 1988
  29 |       })
> 30 |       expect(result.length).toEqual(1)
     |                                    ^ Magic Number
  31 |       expect(result[0]).toEqual(sebastian)
  32 |     })
  33 |     it('should return everyone born 1986', function () {"
/home/gabriel/Disk/Research/research-javascript-test-smells/repositories/list.js/__test__/filter.test.js,Magic Number,"{'line': 37, 'column': 36, 'index': 1140}","  35 |         return item.values().born == 1986
  36 |       })
> 37 |       expect(result.length).toEqual(3)
     |                                    ^ Magic Number
  38 |       for (var i = 0; i < result.length; i++) {
  39 |         expect(result[i].values().born).toEqual('1986')
  40 |       }"
/home/gabriel/Disk/Research/research-javascript-test-smells/repositories/list.js/__test__/filter.test.js,Magic Number,"{'line': 58, 'column': 36, 'index': 1773}","  56 |         return item.values().born > 1985
  57 |       })
> 58 |       expect(result.length).toEqual(2)
     |                                    ^ Magic Number
  59 |       expect(list.visibleItems.length).toEqual(2)
  60 |       expect(list.matchingItems.length).toEqual(4)
  61 |     })"
/home/gabriel/Disk/Research/research-javascript-test-smells/repositories/list.js/__test__/filter.test.js,Magic Number,"{'line': 59, 'column': 47, 'index': 1823}","  57 |       })
  58 |       expect(result.length).toEqual(2)
> 59 |       expect(list.visibleItems.length).toEqual(2)
     |                                               ^ Magic Number
  60 |       expect(list.matchingItems.length).toEqual(4)
  61 |     })
  62 |"
/home/gabriel/Disk/Research/research-javascript-test-smells/repositories/list.js/__test__/filter.test.js,Magic Number,"{'line': 60, 'column': 48, 'index': 1874}","  58 |       expect(result.length).toEqual(2)
  59 |       expect(list.visibleItems.length).toEqual(2)
> 60 |       expect(list.matchingItems.length).toEqual(4)
     |                                                ^ Magic Number
  61 |     })
  62 |
  63 |     describe('Specific items', function () {"
/home/gabriel/Disk/Research/research-javascript-test-smells/repositories/list.js/__test__/defaults.test.js,Global Variable,"{'line': 5, 'column': 2, 'index': 101}","  3 |
  4 | describe('Defaults', function () {
> 5 |   var list
    |  ^ Global Variable
  6 |
  7 |   beforeAll(function () {
  8 |     list = fixture.list(['name'], [{ name: 'Jonny' }])"
/home/gabriel/Disk/Research/research-javascript-test-smells/repositories/list.js/__test__/defaults.test.js,Magic Number,"{'line': 30, 'column': 27, 'index': 987}","  28 |     expect(list.searched).toBe(false)
  29 |     expect(list.filtered).toBe(false)
> 30 |     expect(list.i).toEqual(1)
     |                           ^ Magic Number
  31 |     expect(list.page).toEqual(10000)
  32 |     expect(list.listClass).toEqual('list')
  33 |     expect(list.sortClass).toEqual('sort')"
/home/gabriel/Disk/Research/research-javascript-test-smells/repositories/list.js/__test__/defaults.test.js,Magic Number,"{'line': 31, 'column': 30, 'index': 1020}","  29 |     expect(list.filtered).toBe(false)
  30 |     expect(list.i).toEqual(1)
> 31 |     expect(list.page).toEqual(10000)
     |                              ^ Magic Number
  32 |     expect(list.listClass).toEqual('list')
  33 |     expect(list.sortClass).toEqual('sort')
  34 |     expect(list.searchClass).toEqual('search')"
/home/gabriel/Disk/Research/research-javascript-test-smells/repositories/list.js/__test__/create.test.js,Global Variable,"{'line': 6, 'column': 4, 'index': 144}","  4 | describe('Create', function () {
  5 |   describe('With HTML items', function () {
> 6 |     var listEl = $(
    |    ^ Global Variable
  7 |       '<div id=""list"">\
  8 |       <ul class=""list"">\
  9 |         <li><span class=""name"">Jonny</span></li>\"
/home/gabriel/Disk/Research/research-javascript-test-smells/repositories/list.js/__test__/create.test.js,Global Variable,"{'line': 16, 'column': 4, 'index': 332}","  14 |     $(document.body).append(listEl)
  15 |
> 16 |     var list = new List('list', { valueNames: ['name'] })
     |    ^ Global Variable
  17 |
  18 |     it('should contain one item', function () {
  19 |       expect(list.items.length).toEqual(1)"
/home/gabriel/Disk/Research/research-javascript-test-smells/repositories/list.js/__test__/create.test.js,Global Variable,"{'line': 33, 'column': 4, 'index': 809}","  31 |
  32 |   describe('With and element instead of id', function () {
> 33 |     var listEl = $(
     |    ^ Global Variable
  34 |       '<div id=""list"">\
  35 |       <ul class=""list"">\
  36 |         <li><span class=""name"">Jonny</span></li>\"
/home/gabriel/Disk/Research/research-javascript-test-smells/repositories/list.js/__test__/create.test.js,Global Variable,"{'line': 42, 'column': 4, 'index': 996}","  40 |
  41 |     $(document.body).append(listEl)
> 42 |     var el = document.getElementById('list')
     |    ^ Global Variable
  43 |
  44 |     var list = new List(el, { valueNames: ['name'] })
  45 |"
/home/gabriel/Disk/Research/research-javascript-test-smells/repositories/list.js/__test__/create.test.js,Global Variable,"{'line': 44, 'column': 4, 'index': 1042}","  42 |     var el = document.getElementById('list')
  43 |
> 44 |     var list = new List(el, { valueNames: ['name'] })
     |    ^ Global Variable
  45 |
  46 |     it('should contain one item', function () {
  47 |       expect(list.items.length).toEqual(1)"
/home/gabriel/Disk/Research/research-javascript-test-smells/repositories/list.js/__test__/create.test.js,Global Variable,"{'line': 55, 'column': 4, 'index': 1339}","  53 |
  54 |   describe('Without items and with string template', function () {
> 55 |     var listEl = $('<div id=""list"">\
     |    ^ Global Variable
  56 |       <ul class=""list""></ul>\
  57 |     </div>')
  58 |"
/home/gabriel/Disk/Research/research-javascript-test-smells/repositories/list.js/__test__/create.test.js,Global Variable,"{'line': 61, 'column': 4, 'index': 1457}","  59 |     $(document.body).append(listEl)
  60 |
> 61 |     var list = new List(
     |    ^ Global Variable
  62 |       'list',
  63 |       {
  64 |         valueNames: ['name'],"
/home/gabriel/Disk/Research/research-javascript-test-smells/repositories/list.js/__test__/create.test.js,Global Variable,"{'line': 85, 'column': 4, 'index': 2065}","  83 |
  84 |   describe('Without items and with string template for table', function () {
> 85 |     var listEl = $('<div id=""list"">\
     |    ^ Global Variable
  86 |       <table class=""list""></table>\
  87 |     </div>')
  88 |"
/home/gabriel/Disk/Research/research-javascript-test-smells/repositories/list.js/__test__/create.test.js,Global Variable,"{'line': 91, 'column': 4, 'index': 2189}","  89 |     $(document.body).append(listEl)
  90 |
> 91 |     var list = new List(
     |    ^ Global Variable
  92 |       'list',
  93 |       {
  94 |         valueNames: ['name'],"
/home/gabriel/Disk/Research/research-javascript-test-smells/repositories/list.js/__test__/create.test.js,Global Variable,"{'line': 115, 'column': 4, 'index': 2789}","  113 |
  114 |   describe('Without items and with template function', function () {
> 115 |     var listEl = $('<div id=""list"">\
      |    ^ Global Variable
  116 |       <ul class=""list""></ul>\
  117 |     </div>')
  118 |"
/home/gabriel/Disk/Research/research-javascript-test-smells/repositories/list.js/__test__/create.test.js,Global Variable,"{'line': 121, 'column': 4, 'index': 2907}","  119 |     $(document.body).append(listEl)
  120 |
> 121 |     var list = new List(
      |    ^ Global Variable
  122 |       'list',
  123 |       {
  124 |         valueNames: ['name'],"
/home/gabriel/Disk/Research/research-javascript-test-smells/repositories/list.js/__test__/create.test.js,Global Variable,"{'line': 153, 'column': 6, 'index': 3809}","  151 |   describe('without items and or template', function () {
  152 |     it('should throw error on init', function () {
> 153 |       var listEl = $('<div id=""list"">\
      |      ^ Global Variable
  154 |         <ul class=""list""></ul>\
  155 |       </div>')
  156 |       $(document.body).append(listEl)"
/home/gabriel/Disk/Research/research-javascript-test-smells/repositories/list.js/__test__/create.test.js,Global Variable,"{'line': 159, 'column': 8, 'index': 3963}","  157 |
  158 |       expect(function () {
> 159 |         var list = new List('list', {
      |        ^ Global Variable
  160 |           valueNames: ['name'],
  161 |         })
  162 |       }).toThrow()"
/home/gabriel/Disk/Research/research-javascript-test-smells/repositories/list.js/__test__/create.test.js,Global Variable,"{'line': 168, 'column': 4, 'index': 4159}","  166 |
  167 |   describe('Without items and with HTML template', function () {
> 168 |     var listEl = $('<div id=""list"">\
      |    ^ Global Variable
  169 |       <ul class=""list""></ul>\
  170 |     </div>')
  171 |"
/home/gabriel/Disk/Research/research-javascript-test-smells/repositories/list.js/__test__/create.test.js,Global Variable,"{'line': 172, 'column': 4, 'index': 4240}","  170 |     </div>')
  171 |
> 172 |     var templateEl = $('<li id=""template-item""><span class=""name""></span></li>')
      |    ^ Global Variable
  173 |
  174 |     $(document.body).append(listEl)
  175 |     $(document.body).append(templateEl)"
/home/gabriel/Disk/Research/research-javascript-test-smells/repositories/list.js/__test__/create.test.js,Global Variable,"{'line': 177, 'column': 4, 'index': 4399}","  175 |     $(document.body).append(templateEl)
  176 |
> 177 |     var list = new List(
      |    ^ Global Variable
  178 |       'list',
  179 |       {
  180 |         valueNames: ['name'],"
/home/gabriel/Disk/Research/research-javascript-test-smells/repositories/list.js/__test__/create.test.js,Global Variable,"{'line': 202, 'column': 4, 'index': 4990}","  200 |
  201 |   describe('Asyn index with existing list', function () {
> 202 |     var listEl = $(
      |    ^ Global Variable
  203 |       '<div id=""list"">\
  204 |       <ul class=""list"">\
  205 |         <li><span class=""name"">Jonny</span></li><li><span class=""name"">Sven</span></li>\"
/home/gabriel/Disk/Research/research-javascript-test-smells/repositories/list.js/__test__/create.test.js,Global Variable,"{'line': 292, 'column': 6, 'index': 12600}","  290 |     it('should contain one item', function (done) {
  291 |       $(document.body).append(listEl)
> 292 |       var list = new List('list', {
      |      ^ Global Variable
  293 |         valueNames: ['name'],
  294 |         indexAsync: true,
  295 |         parseComplete: function (list) {"
/home/gabriel/Disk/Research/research-javascript-test-smells/repositories/list.js/__test__/create.test.js,Magic Number,"{'line': 19, 'column': 40, 'index': 475}","  17 |
  18 |     it('should contain one item', function () {
> 19 |       expect(list.items.length).toEqual(1)
     |                                        ^ Magic Number
  20 |       expect(listEl.find('li').length).toEqual(1)
  21 |     })
  22 |"
/home/gabriel/Disk/Research/research-javascript-test-smells/repositories/list.js/__test__/create.test.js,Magic Number,"{'line': 20, 'column': 47, 'index': 525}","  18 |     it('should contain one item', function () {
  19 |       expect(list.items.length).toEqual(1)
> 20 |       expect(listEl.find('li').length).toEqual(1)
     |                                               ^ Magic Number
  21 |     })
  22 |
  23 |     it('should contain two items', function () {"
/home/gabriel/Disk/Research/research-javascript-test-smells/repositories/list.js/__test__/create.test.js,Magic Number,"{'line': 25, 'column': 40, 'index': 659}","  23 |     it('should contain two items', function () {
  24 |       list.add({ name: 'Jonas' })
> 25 |       expect(list.items.length).toEqual(2)
     |                                        ^ Magic Number
  26 |       expect(listEl.find('li').length).toEqual(2)
  27 |     })
  28 |"
/home/gabriel/Disk/Research/research-javascript-test-smells/repositories/list.js/__test__/create.test.js,Magic Number,"{'line': 26, 'column': 47, 'index': 709}","  24 |       list.add({ name: 'Jonas' })
  25 |       expect(list.items.length).toEqual(2)
> 26 |       expect(listEl.find('li').length).toEqual(2)
     |                                               ^ Magic Number
  27 |     })
  28 |
  29 |     listEl.remove()"
/home/gabriel/Disk/Research/research-javascript-test-smells/repositories/list.js/__test__/create.test.js,Magic Number,"{'line': 47, 'column': 40, 'index': 1181}","  45 |
  46 |     it('should contain one item', function () {
> 47 |       expect(list.items.length).toEqual(1)
     |                                        ^ Magic Number
  48 |       expect(listEl.find('li').length).toEqual(1)
  49 |     })
  50 |"
/home/gabriel/Disk/Research/research-javascript-test-smells/repositories/list.js/__test__/create.test.js,Magic Number,"{'line': 48, 'column': 47, 'index': 1231}","  46 |     it('should contain one item', function () {
  47 |       expect(list.items.length).toEqual(1)
> 48 |       expect(listEl.find('li').length).toEqual(1)
     |                                               ^ Magic Number
  49 |     })
  50 |
  51 |     listEl.remove()"
/home/gabriel/Disk/Research/research-javascript-test-smells/repositories/list.js/__test__/create.test.js,Magic Number,"{'line': 71, 'column': 40, 'index': 1713}","  69 |
  70 |     it('should contain one item', function () {
> 71 |       expect(list.items.length).toEqual(1)
     |                                        ^ Magic Number
  72 |       expect(listEl.find('li').length).toEqual(1)
  73 |     })
  74 |"
/home/gabriel/Disk/Research/research-javascript-test-smells/repositories/list.js/__test__/create.test.js,Magic Number,"{'line': 72, 'column': 47, 'index': 1763}","  70 |     it('should contain one item', function () {
  71 |       expect(list.items.length).toEqual(1)
> 72 |       expect(listEl.find('li').length).toEqual(1)
     |                                               ^ Magic Number
  73 |     })
  74 |
  75 |     it('should contain two items', function () {"
/home/gabriel/Disk/Research/research-javascript-test-smells/repositories/list.js/__test__/create.test.js,Magic Number,"{'line': 77, 'column': 40, 'index': 1897}","  75 |     it('should contain two items', function () {
  76 |       list.add({ name: 'Jonas' })
> 77 |       expect(list.items.length).toEqual(2)
     |                                        ^ Magic Number
  78 |       expect(listEl.find('li').length).toEqual(2)
  79 |     })
  80 |"
/home/gabriel/Disk/Research/research-javascript-test-smells/repositories/list.js/__test__/create.test.js,Magic Number,"{'line': 78, 'column': 47, 'index': 1947}","  76 |       list.add({ name: 'Jonas' })
  77 |       expect(list.items.length).toEqual(2)
> 78 |       expect(listEl.find('li').length).toEqual(2)
     |                                               ^ Magic Number
  79 |     })
  80 |
  81 |     listEl.remove()"
/home/gabriel/Disk/Research/research-javascript-test-smells/repositories/list.js/__test__/create.test.js,Magic Number,"{'line': 101, 'column': 40, 'index': 2445}","   99 |
  100 |     it('should contain one item', function () {
> 101 |       expect(list.items.length).toEqual(1)
      |                                        ^ Magic Number
  102 |       expect(listEl.find('tr').length).toEqual(1)
  103 |     })
  104 |"
/home/gabriel/Disk/Research/research-javascript-test-smells/repositories/list.js/__test__/create.test.js,Magic Number,"{'line': 102, 'column': 47, 'index': 2495}","  100 |     it('should contain one item', function () {
  101 |       expect(list.items.length).toEqual(1)
> 102 |       expect(listEl.find('tr').length).toEqual(1)
      |                                               ^ Magic Number
  103 |     })
  104 |
  105 |     it('should contain two items', function () {"
/home/gabriel/Disk/Research/research-javascript-test-smells/repositories/list.js/__test__/create.test.js,Magic Number,"{'line': 107, 'column': 40, 'index': 2629}","  105 |     it('should contain two items', function () {
  106 |       list.add({ name: 'Jonas' })
> 107 |       expect(list.items.length).toEqual(2)
      |                                        ^ Magic Number
  108 |       expect(listEl.find('tr').length).toEqual(2)
  109 |     })
  110 |"
/home/gabriel/Disk/Research/research-javascript-test-smells/repositories/list.js/__test__/create.test.js,Magic Number,"{'line': 108, 'column': 47, 'index': 2679}","  106 |       list.add({ name: 'Jonas' })
  107 |       expect(list.items.length).toEqual(2)
> 108 |       expect(listEl.find('tr').length).toEqual(2)
      |                                               ^ Magic Number
  109 |     })
  110 |
  111 |     listEl.remove()"
/home/gabriel/Disk/Research/research-javascript-test-smells/repositories/list.js/__test__/create.test.js,Magic Number,"{'line': 133, 'column': 40, 'index': 3256}","  131 |
  132 |     it('should contain one item', function () {
> 133 |       expect(list.items.length).toEqual(1)
      |                                        ^ Magic Number
  134 |       expect(listEl.find('li').length).toEqual(1)
  135 |     })
  136 |"
/home/gabriel/Disk/Research/research-javascript-test-smells/repositories/list.js/__test__/create.test.js,Magic Number,"{'line': 134, 'column': 47, 'index': 3306}","  132 |     it('should contain one item', function () {
  133 |       expect(list.items.length).toEqual(1)
> 134 |       expect(listEl.find('li').length).toEqual(1)
      |                                               ^ Magic Number
  135 |     })
  136 |
  137 |     it('should contain two items', function () {"
/home/gabriel/Disk/Research/research-javascript-test-smells/repositories/list.js/__test__/create.test.js,Magic Number,"{'line': 139, 'column': 40, 'index': 3440}","  137 |     it('should contain two items', function () {
  138 |       list.add({ name: 'Jonas' })
> 139 |       expect(list.items.length).toEqual(2)
      |                                        ^ Magic Number
  140 |       expect(listEl.find('li').length).toEqual(2)
  141 |     })
  142 |"
/home/gabriel/Disk/Research/research-javascript-test-smells/repositories/list.js/__test__/create.test.js,Magic Number,"{'line': 140, 'column': 47, 'index': 3490}","  138 |       list.add({ name: 'Jonas' })
  139 |       expect(list.items.length).toEqual(2)
> 140 |       expect(listEl.find('li').length).toEqual(2)
      |                                               ^ Magic Number
  141 |     })
  142 |
  143 |     it('should get values from items', function () {"
/home/gabriel/Disk/Research/research-javascript-test-smells/repositories/list.js/__test__/create.test.js,Magic Number,"{'line': 145, 'column': 70, 'index': 3657}","  143 |     it('should get values from items', function () {
  144 |       list.add({ name: 'Egon' })
> 145 |       expect(listEl.find('li[data-template-fn-egon]').length).toEqual(1)
      |                                                                      ^ Magic Number
  146 |     })
  147 |
  148 |     listEl.remove()"
/home/gabriel/Disk/Research/research-javascript-test-smells/repositories/list.js/__test__/create.test.js,Magic Number,"{'line': 187, 'column': 40, 'index': 4633}","  185 |
  186 |     it('should contain one item', function () {
> 187 |       expect(list.items.length).toEqual(1)
      |                                        ^ Magic Number
  188 |       expect(listEl.find('li').length).toEqual(1)
  189 |     })
  190 |"
/home/gabriel/Disk/Research/research-javascript-test-smells/repositories/list.js/__test__/create.test.js,Magic Number,"{'line': 188, 'column': 47, 'index': 4683}","  186 |     it('should contain one item', function () {
  187 |       expect(list.items.length).toEqual(1)
> 188 |       expect(listEl.find('li').length).toEqual(1)
      |                                               ^ Magic Number
  189 |     })
  190 |
  191 |     it('should contain two items', function () {"
/home/gabriel/Disk/Research/research-javascript-test-smells/repositories/list.js/__test__/create.test.js,Magic Number,"{'line': 193, 'column': 40, 'index': 4817}","  191 |     it('should contain two items', function () {
  192 |       list.add({ name: 'Jonas' })
> 193 |       expect(list.items.length).toEqual(2)
      |                                        ^ Magic Number
  194 |       expect(listEl.find('li').length).toEqual(2)
  195 |     })
  196 |"
/home/gabriel/Disk/Research/research-javascript-test-smells/repositories/list.js/__test__/create.test.js,Magic Number,"{'line': 194, 'column': 47, 'index': 4867}","  192 |       list.add({ name: 'Jonas' })
  193 |       expect(list.items.length).toEqual(2)
> 194 |       expect(listEl.find('li').length).toEqual(2)
      |                                               ^ Magic Number
  195 |     })
  196 |
  197 |     listEl.remove()"
/home/gabriel/Disk/Research/research-javascript-test-smells/repositories/list.js/__test__/create.test.js,Magic Number,"{'line': 296, 'column': 51, 'index': 12778}","  294 |         indexAsync: true,
  295 |         parseComplete: function (list) {
> 296 |           expect(listEl.find('li').length).toEqual(162)
      |                                                   ^ Magic Number
  297 |           listEl.remove()
  298 |           done()
  299 |         },"
/home/gabriel/Disk/Research/research-javascript-test-smells/repositories/list.js/__test__/buttons.test.js,Conditional Test Logic,"{'line': 5, 'column': 2, 'index': 90}","  3 |
  4 | function fireKeyup(el) {
> 5 |   if (document.createEvent) {
    |  ^ Conditional Test Logic
  6 |     var evObj
  7 |     if (window.KeyEvent) {
  8 |       evObj = document.createEvent('KeyEvents')"
/home/gabriel/Disk/Research/research-javascript-test-smells/repositories/list.js/__test__/buttons.test.js,Conditional Test Logic,"{'line': 7, 'column': 4, 'index': 136}","   5 |   if (document.createEvent) {
   6 |     var evObj
>  7 |     if (window.KeyEvent) {
     |    ^ Conditional Test Logic
   8 |       evObj = document.createEvent('KeyEvents')
   9 |       evObj.initKeyEvent('keyup', true, true, window, false, false, false, false, 13, 0)
  10 |     } else {"
/home/gabriel/Disk/Research/research-javascript-test-smells/repositories/list.js/__test__/buttons.test.js,Conditional Test Logic,"{'line': 15, 'column': 9, 'index': 455}","  13 |     }
  14 |     el.dispatchEvent(evObj)
> 15 |   } else if (document.createEventObject) {
     |         ^ Conditional Test Logic
  16 |     el.fireEvent('onkeyup')
  17 |   } else {
  18 |     // IE 5.0, seriously? :)"
/home/gabriel/Disk/Research/research-javascript-test-smells/repositories/list.js/__test__/buttons.test.js,Conditional Test Logic,"{'line': 25, 'column': 2, 'index': 709}","  23 | function fireClick(el) {
  24 |   var evt
> 25 |   if (document.createEvent) {
     |  ^ Conditional Test Logic
  26 |     evt = document.createEvent('MouseEvents')
  27 |     evt.initMouseEvent('click', true, true, window, 0, 0, 0, 0, 0, false, false, false, false, 0, null)
  28 |   }"
/home/gabriel/Disk/Research/research-javascript-test-smells/repositories/list.js/__test__/buttons.test.js,Conditional Test Logic,"{'line': 78, 'column': 8, 'index': 2314}","  76 |       list.on('sortComplete', function () {
  77 |         sortRun++
> 78 |         if (sortRun == 1) {
     |        ^ Conditional Test Logic
  79 |           expect($('#sort-name').hasClass('asc')).toBe(true)
  80 |           expect($('#sort-name').hasClass('desc')).toBe(false)
  81 |           setTimeout(function () {"
/home/gabriel/Disk/Research/research-javascript-test-smells/repositories/list.js/__test__/buttons.test.js,Conditional Test Logic,"{'line': 84, 'column': 15, 'index': 2567}","  82 |             fireClick($('#sort-name')[0])
  83 |           }, 50)
> 84 |         } else if (sortRun == 2) {
     |               ^ Conditional Test Logic
  85 |           expect($('#sort-name').hasClass('asc')).toBe(false)
  86 |           expect($('#sort-name').hasClass('desc')).toBe(true)
  87 |           setTimeout(function () {"
/home/gabriel/Disk/Research/research-javascript-test-smells/repositories/list.js/__test__/buttons.test.js,Conditional Test Logic,"{'line': 90, 'column': 15, 'index': 2820}","  88 |             fireClick($('#sort-name')[0])
  89 |           }, 50)
> 90 |         } else if (sortRun == 3) {
     |               ^ Conditional Test Logic
  91 |           expect($('#sort-name').hasClass('asc')).toBe(true)
  92 |           expect($('#sort-name').hasClass('desc')).toBe(false)
  93 |           done()"
/home/gabriel/Disk/Research/research-javascript-test-smells/repositories/list.js/__test__/buttons.test.js,Conditional Test Logic,"{'line': 105, 'column': 8, 'index': 3315}","  103 |       list.on('sortComplete', function () {
  104 |         sortRun++
> 105 |         if (sortRun == 1) {
      |        ^ Conditional Test Logic
  106 |           expect($('#sort-name').hasClass('asc')).toBe(true)
  107 |           expect($('#sort-name').hasClass('desc')).toBe(false)
  108 |           expect($('#sort-name-asc').hasClass('asc')).toBe(true)"
/home/gabriel/Disk/Research/research-javascript-test-smells/repositories/list.js/__test__/buttons.test.js,Conditional Test Logic,"{'line': 115, 'column': 15, 'index': 3839}","  113 |             fireClick($('#sort-name-asc')[0])
  114 |           }, 50)
> 115 |         } else if (sortRun == 2) {
      |               ^ Conditional Test Logic
  116 |           expect($('#sort-name').hasClass('asc')).toBe(true)
  117 |           expect($('#sort-name').hasClass('desc')).toBe(false)
  118 |           expect($('#sort-name-asc').hasClass('asc')).toBe(true)"
/home/gabriel/Disk/Research/research-javascript-test-smells/repositories/list.js/__test__/buttons.test.js,Conditional Test Logic,"{'line': 125, 'column': 15, 'index': 4363}","  123 |             fireClick($('#sort-name-asc')[0])
  124 |           }, 50)
> 125 |         } else if (sortRun == 3) {
      |               ^ Conditional Test Logic
  126 |           expect($('#sort-name').hasClass('asc')).toBe(true)
  127 |           expect($('#sort-name').hasClass('desc')).toBe(false)
  128 |           expect($('#sort-name-asc').hasClass('asc')).toBe(true)"
/home/gabriel/Disk/Research/research-javascript-test-smells/repositories/list.js/__test__/buttons.test.js,Conditional Test Logic,"{'line': 135, 'column': 15, 'index': 4888}","  133 |             fireClick($('#sort-name-desc')[0])
  134 |           }, 50)
> 135 |         } else if (sortRun == 4) {
      |               ^ Conditional Test Logic
  136 |           expect($('#sort-name').hasClass('asc')).toBe(false)
  137 |           expect($('#sort-name').hasClass('desc')).toBe(true)
  138 |           expect($('#sort-name-asc').hasClass('asc')).toBe(false)"
/home/gabriel/Disk/Research/research-javascript-test-smells/repositories/list.js/__test__/buttons.test.js,Conditional Test Logic,"{'line': 145, 'column': 15, 'index': 5413}","  143 |             fireClick($('#sort-name-desc')[0])
  144 |           }, 50)
> 145 |         } else if (sortRun == 5) {
      |               ^ Conditional Test Logic
  146 |           expect($('#sort-name').hasClass('asc')).toBe(false)
  147 |           expect($('#sort-name').hasClass('desc')).toBe(true)
  148 |           expect($('#sort-name-asc').hasClass('asc')).toBe(false)"
/home/gabriel/Disk/Research/research-javascript-test-smells/repositories/list.js/__test__/buttons.test.js,Duplicate Assert,"{'line': 79, 'column': 10, 'index': 2344}","  77 |         sortRun++
  78 |         if (sortRun == 1) {
> 79 |           expect($('#sort-name').hasClass('asc')).toBe(true)
     |          ^ Duplicate Assert
  80 |           expect($('#sort-name').hasClass('desc')).toBe(false)
  81 |           setTimeout(function () {
  82 |             fireClick($('#sort-name')[0])"
/home/gabriel/Disk/Research/research-javascript-test-smells/repositories/list.js/__test__/buttons.test.js,Duplicate Assert,"{'line': 79, 'column': 10, 'index': 2344}","  77 |         sortRun++
  78 |         if (sortRun == 1) {
> 79 |           expect($('#sort-name').hasClass('asc')).toBe(true)
     |          ^ Duplicate Assert
  80 |           expect($('#sort-name').hasClass('desc')).toBe(false)
  81 |           setTimeout(function () {
  82 |             fireClick($('#sort-name')[0])"
/home/gabriel/Disk/Research/research-javascript-test-smells/repositories/list.js/__test__/buttons.test.js,Duplicate Assert,"{'line': 80, 'column': 10, 'index': 2405}","  78 |         if (sortRun == 1) {
  79 |           expect($('#sort-name').hasClass('asc')).toBe(true)
> 80 |           expect($('#sort-name').hasClass('desc')).toBe(false)
     |          ^ Duplicate Assert
  81 |           setTimeout(function () {
  82 |             fireClick($('#sort-name')[0])
  83 |           }, 50)"
/home/gabriel/Disk/Research/research-javascript-test-smells/repositories/list.js/__test__/buttons.test.js,Duplicate Assert,"{'line': 80, 'column': 10, 'index': 2405}","  78 |         if (sortRun == 1) {
  79 |           expect($('#sort-name').hasClass('asc')).toBe(true)
> 80 |           expect($('#sort-name').hasClass('desc')).toBe(false)
     |          ^ Duplicate Assert
  81 |           setTimeout(function () {
  82 |             fireClick($('#sort-name')[0])
  83 |           }, 50)"
/home/gabriel/Disk/Research/research-javascript-test-smells/repositories/list.js/__test__/buttons.test.js,Duplicate Assert,"{'line': 85, 'column': 10, 'index': 2597}","  83 |           }, 50)
  84 |         } else if (sortRun == 2) {
> 85 |           expect($('#sort-name').hasClass('asc')).toBe(false)
     |          ^ Duplicate Assert
  86 |           expect($('#sort-name').hasClass('desc')).toBe(true)
  87 |           setTimeout(function () {
  88 |             fireClick($('#sort-name')[0])"
/home/gabriel/Disk/Research/research-javascript-test-smells/repositories/list.js/__test__/buttons.test.js,Duplicate Assert,"{'line': 85, 'column': 10, 'index': 2597}","  83 |           }, 50)
  84 |         } else if (sortRun == 2) {
> 85 |           expect($('#sort-name').hasClass('asc')).toBe(false)
     |          ^ Duplicate Assert
  86 |           expect($('#sort-name').hasClass('desc')).toBe(true)
  87 |           setTimeout(function () {
  88 |             fireClick($('#sort-name')[0])"
/home/gabriel/Disk/Research/research-javascript-test-smells/repositories/list.js/__test__/buttons.test.js,Duplicate Assert,"{'line': 86, 'column': 10, 'index': 2659}","  84 |         } else if (sortRun == 2) {
  85 |           expect($('#sort-name').hasClass('asc')).toBe(false)
> 86 |           expect($('#sort-name').hasClass('desc')).toBe(true)
     |          ^ Duplicate Assert
  87 |           setTimeout(function () {
  88 |             fireClick($('#sort-name')[0])
  89 |           }, 50)"
/home/gabriel/Disk/Research/research-javascript-test-smells/repositories/list.js/__test__/buttons.test.js,Duplicate Assert,"{'line': 91, 'column': 10, 'index': 2850}","  89 |           }, 50)
  90 |         } else if (sortRun == 3) {
> 91 |           expect($('#sort-name').hasClass('asc')).toBe(true)
     |          ^ Duplicate Assert
  92 |           expect($('#sort-name').hasClass('desc')).toBe(false)
  93 |           done()
  94 |         }"
/home/gabriel/Disk/Research/research-javascript-test-smells/repositories/list.js/__test__/buttons.test.js,Duplicate Assert,"{'line': 91, 'column': 10, 'index': 2850}","  89 |           }, 50)
  90 |         } else if (sortRun == 3) {
> 91 |           expect($('#sort-name').hasClass('asc')).toBe(true)
     |          ^ Duplicate Assert
  92 |           expect($('#sort-name').hasClass('desc')).toBe(false)
  93 |           done()
  94 |         }"
/home/gabriel/Disk/Research/research-javascript-test-smells/repositories/list.js/__test__/buttons.test.js,Duplicate Assert,"{'line': 92, 'column': 10, 'index': 2911}","  90 |         } else if (sortRun == 3) {
  91 |           expect($('#sort-name').hasClass('asc')).toBe(true)
> 92 |           expect($('#sort-name').hasClass('desc')).toBe(false)
     |          ^ Duplicate Assert
  93 |           done()
  94 |         }
  95 |       })"
/home/gabriel/Disk/Research/research-javascript-test-smells/repositories/list.js/__test__/buttons.test.js,Duplicate Assert,"{'line': 92, 'column': 10, 'index': 2911}","  90 |         } else if (sortRun == 3) {
  91 |           expect($('#sort-name').hasClass('asc')).toBe(true)
> 92 |           expect($('#sort-name').hasClass('desc')).toBe(false)
     |          ^ Duplicate Assert
  93 |           done()
  94 |         }
  95 |       })"
/home/gabriel/Disk/Research/research-javascript-test-smells/repositories/list.js/__test__/buttons.test.js,Duplicate Assert,"{'line': 96, 'column': 6, 'index': 3006}","  94 |         }
  95 |       })
> 96 |       expect($('#sort-name').hasClass('asc')).toBe(false)
     |      ^ Duplicate Assert
  97 |       expect($('#sort-name').hasClass('desc')).toBe(false)
  98 |       fireClick($('#sort-name')[0])
  99 |     })"
/home/gabriel/Disk/Research/research-javascript-test-smells/repositories/list.js/__test__/buttons.test.js,Duplicate Assert,"{'line': 96, 'column': 6, 'index': 3006}","  94 |         }
  95 |       })
> 96 |       expect($('#sort-name').hasClass('asc')).toBe(false)
     |      ^ Duplicate Assert
  97 |       expect($('#sort-name').hasClass('desc')).toBe(false)
  98 |       fireClick($('#sort-name')[0])
  99 |     })"
/home/gabriel/Disk/Research/research-javascript-test-smells/repositories/list.js/__test__/buttons.test.js,Duplicate Assert,"{'line': 97, 'column': 6, 'index': 3064}","   95 |       })
   96 |       expect($('#sort-name').hasClass('asc')).toBe(false)
>  97 |       expect($('#sort-name').hasClass('desc')).toBe(false)
      |      ^ Duplicate Assert
   98 |       fireClick($('#sort-name')[0])
   99 |     })
  100 |"
/home/gabriel/Disk/Research/research-javascript-test-smells/repositories/list.js/__test__/buttons.test.js,Duplicate Assert,"{'line': 97, 'column': 6, 'index': 3064}","   95 |       })
   96 |       expect($('#sort-name').hasClass('asc')).toBe(false)
>  97 |       expect($('#sort-name').hasClass('desc')).toBe(false)
      |      ^ Duplicate Assert
   98 |       fireClick($('#sort-name')[0])
   99 |     })
  100 |"
/home/gabriel/Disk/Research/research-javascript-test-smells/repositories/list.js/__test__/buttons.test.js,Duplicate Assert,"{'line': 106, 'column': 10, 'index': 3345}","  104 |         sortRun++
  105 |         if (sortRun == 1) {
> 106 |           expect($('#sort-name').hasClass('asc')).toBe(true)
      |          ^ Duplicate Assert
  107 |           expect($('#sort-name').hasClass('desc')).toBe(false)
  108 |           expect($('#sort-name-asc').hasClass('asc')).toBe(true)
  109 |           expect($('#sort-name-asc').hasClass('desc')).toBe(false)"
/home/gabriel/Disk/Research/research-javascript-test-smells/repositories/list.js/__test__/buttons.test.js,Duplicate Assert,"{'line': 106, 'column': 10, 'index': 3345}","  104 |         sortRun++
  105 |         if (sortRun == 1) {
> 106 |           expect($('#sort-name').hasClass('asc')).toBe(true)
      |          ^ Duplicate Assert
  107 |           expect($('#sort-name').hasClass('desc')).toBe(false)
  108 |           expect($('#sort-name-asc').hasClass('asc')).toBe(true)
  109 |           expect($('#sort-name-asc').hasClass('desc')).toBe(false)"
/home/gabriel/Disk/Research/research-javascript-test-smells/repositories/list.js/__test__/buttons.test.js,Duplicate Assert,"{'line': 107, 'column': 10, 'index': 3406}","  105 |         if (sortRun == 1) {
  106 |           expect($('#sort-name').hasClass('asc')).toBe(true)
> 107 |           expect($('#sort-name').hasClass('desc')).toBe(false)
      |          ^ Duplicate Assert
  108 |           expect($('#sort-name-asc').hasClass('asc')).toBe(true)
  109 |           expect($('#sort-name-asc').hasClass('desc')).toBe(false)
  110 |           expect($('#sort-name-desc').hasClass('asc')).toBe(false)"
/home/gabriel/Disk/Research/research-javascript-test-smells/repositories/list.js/__test__/buttons.test.js,Duplicate Assert,"{'line': 107, 'column': 10, 'index': 3406}","  105 |         if (sortRun == 1) {
  106 |           expect($('#sort-name').hasClass('asc')).toBe(true)
> 107 |           expect($('#sort-name').hasClass('desc')).toBe(false)
      |          ^ Duplicate Assert
  108 |           expect($('#sort-name-asc').hasClass('asc')).toBe(true)
  109 |           expect($('#sort-name-asc').hasClass('desc')).toBe(false)
  110 |           expect($('#sort-name-desc').hasClass('asc')).toBe(false)"
/home/gabriel/Disk/Research/research-javascript-test-smells/repositories/list.js/__test__/buttons.test.js,Duplicate Assert,"{'line': 108, 'column': 10, 'index': 3469}","  106 |           expect($('#sort-name').hasClass('asc')).toBe(true)
  107 |           expect($('#sort-name').hasClass('desc')).toBe(false)
> 108 |           expect($('#sort-name-asc').hasClass('asc')).toBe(true)
      |          ^ Duplicate Assert
  109 |           expect($('#sort-name-asc').hasClass('desc')).toBe(false)
  110 |           expect($('#sort-name-desc').hasClass('asc')).toBe(false)
  111 |           expect($('#sort-name-desc').hasClass('desc')).toBe(false)"
/home/gabriel/Disk/Research/research-javascript-test-smells/repositories/list.js/__test__/buttons.test.js,Duplicate Assert,"{'line': 108, 'column': 10, 'index': 3469}","  106 |           expect($('#sort-name').hasClass('asc')).toBe(true)
  107 |           expect($('#sort-name').hasClass('desc')).toBe(false)
> 108 |           expect($('#sort-name-asc').hasClass('asc')).toBe(true)
      |          ^ Duplicate Assert
  109 |           expect($('#sort-name-asc').hasClass('desc')).toBe(false)
  110 |           expect($('#sort-name-desc').hasClass('asc')).toBe(false)
  111 |           expect($('#sort-name-desc').hasClass('desc')).toBe(false)"
/home/gabriel/Disk/Research/research-javascript-test-smells/repositories/list.js/__test__/buttons.test.js,Duplicate Assert,"{'line': 109, 'column': 10, 'index': 3534}","  107 |           expect($('#sort-name').hasClass('desc')).toBe(false)
  108 |           expect($('#sort-name-asc').hasClass('asc')).toBe(true)
> 109 |           expect($('#sort-name-asc').hasClass('desc')).toBe(false)
      |          ^ Duplicate Assert
  110 |           expect($('#sort-name-desc').hasClass('asc')).toBe(false)
  111 |           expect($('#sort-name-desc').hasClass('desc')).toBe(false)
  112 |           setTimeout(function () {"
/home/gabriel/Disk/Research/research-javascript-test-smells/repositories/list.js/__test__/buttons.test.js,Duplicate Assert,"{'line': 109, 'column': 10, 'index': 3534}","  107 |           expect($('#sort-name').hasClass('desc')).toBe(false)
  108 |           expect($('#sort-name-asc').hasClass('asc')).toBe(true)
> 109 |           expect($('#sort-name-asc').hasClass('desc')).toBe(false)
      |          ^ Duplicate Assert
  110 |           expect($('#sort-name-desc').hasClass('asc')).toBe(false)
  111 |           expect($('#sort-name-desc').hasClass('desc')).toBe(false)
  112 |           setTimeout(function () {"
/home/gabriel/Disk/Research/research-javascript-test-smells/repositories/list.js/__test__/buttons.test.js,Duplicate Assert,"{'line': 110, 'column': 10, 'index': 3601}","  108 |           expect($('#sort-name-asc').hasClass('asc')).toBe(true)
  109 |           expect($('#sort-name-asc').hasClass('desc')).toBe(false)
> 110 |           expect($('#sort-name-desc').hasClass('asc')).toBe(false)
      |          ^ Duplicate Assert
  111 |           expect($('#sort-name-desc').hasClass('desc')).toBe(false)
  112 |           setTimeout(function () {
  113 |             fireClick($('#sort-name-asc')[0])"
/home/gabriel/Disk/Research/research-javascript-test-smells/repositories/list.js/__test__/buttons.test.js,Duplicate Assert,"{'line': 110, 'column': 10, 'index': 3601}","  108 |           expect($('#sort-name-asc').hasClass('asc')).toBe(true)
  109 |           expect($('#sort-name-asc').hasClass('desc')).toBe(false)
> 110 |           expect($('#sort-name-desc').hasClass('asc')).toBe(false)
      |          ^ Duplicate Assert
  111 |           expect($('#sort-name-desc').hasClass('desc')).toBe(false)
  112 |           setTimeout(function () {
  113 |             fireClick($('#sort-name-asc')[0])"
/home/gabriel/Disk/Research/research-javascript-test-smells/repositories/list.js/__test__/buttons.test.js,Duplicate Assert,"{'line': 111, 'column': 10, 'index': 3668}","  109 |           expect($('#sort-name-asc').hasClass('desc')).toBe(false)
  110 |           expect($('#sort-name-desc').hasClass('asc')).toBe(false)
> 111 |           expect($('#sort-name-desc').hasClass('desc')).toBe(false)
      |          ^ Duplicate Assert
  112 |           setTimeout(function () {
  113 |             fireClick($('#sort-name-asc')[0])
  114 |           }, 50)"
/home/gabriel/Disk/Research/research-javascript-test-smells/repositories/list.js/__test__/buttons.test.js,Duplicate Assert,"{'line': 111, 'column': 10, 'index': 3668}","  109 |           expect($('#sort-name-asc').hasClass('desc')).toBe(false)
  110 |           expect($('#sort-name-desc').hasClass('asc')).toBe(false)
> 111 |           expect($('#sort-name-desc').hasClass('desc')).toBe(false)
      |          ^ Duplicate Assert
  112 |           setTimeout(function () {
  113 |             fireClick($('#sort-name-asc')[0])
  114 |           }, 50)"
/home/gabriel/Disk/Research/research-javascript-test-smells/repositories/list.js/__test__/buttons.test.js,Duplicate Assert,"{'line': 116, 'column': 10, 'index': 3869}","  114 |           }, 50)
  115 |         } else if (sortRun == 2) {
> 116 |           expect($('#sort-name').hasClass('asc')).toBe(true)
      |          ^ Duplicate Assert
  117 |           expect($('#sort-name').hasClass('desc')).toBe(false)
  118 |           expect($('#sort-name-asc').hasClass('asc')).toBe(true)
  119 |           expect($('#sort-name-asc').hasClass('desc')).toBe(false)"
/home/gabriel/Disk/Research/research-javascript-test-smells/repositories/list.js/__test__/buttons.test.js,Duplicate Assert,"{'line': 116, 'column': 10, 'index': 3869}","  114 |           }, 50)
  115 |         } else if (sortRun == 2) {
> 116 |           expect($('#sort-name').hasClass('asc')).toBe(true)
      |          ^ Duplicate Assert
  117 |           expect($('#sort-name').hasClass('desc')).toBe(false)
  118 |           expect($('#sort-name-asc').hasClass('asc')).toBe(true)
  119 |           expect($('#sort-name-asc').hasClass('desc')).toBe(false)"
/home/gabriel/Disk/Research/research-javascript-test-smells/repositories/list.js/__test__/buttons.test.js,Duplicate Assert,"{'line': 117, 'column': 10, 'index': 3930}","  115 |         } else if (sortRun == 2) {
  116 |           expect($('#sort-name').hasClass('asc')).toBe(true)
> 117 |           expect($('#sort-name').hasClass('desc')).toBe(false)
      |          ^ Duplicate Assert
  118 |           expect($('#sort-name-asc').hasClass('asc')).toBe(true)
  119 |           expect($('#sort-name-asc').hasClass('desc')).toBe(false)
  120 |           expect($('#sort-name-desc').hasClass('asc')).toBe(false)"
/home/gabriel/Disk/Research/research-javascript-test-smells/repositories/list.js/__test__/buttons.test.js,Duplicate Assert,"{'line': 117, 'column': 10, 'index': 3930}","  115 |         } else if (sortRun == 2) {
  116 |           expect($('#sort-name').hasClass('asc')).toBe(true)
> 117 |           expect($('#sort-name').hasClass('desc')).toBe(false)
      |          ^ Duplicate Assert
  118 |           expect($('#sort-name-asc').hasClass('asc')).toBe(true)
  119 |           expect($('#sort-name-asc').hasClass('desc')).toBe(false)
  120 |           expect($('#sort-name-desc').hasClass('asc')).toBe(false)"
/home/gabriel/Disk/Research/research-javascript-test-smells/repositories/list.js/__test__/buttons.test.js,Duplicate Assert,"{'line': 118, 'column': 10, 'index': 3993}","  116 |           expect($('#sort-name').hasClass('asc')).toBe(true)
  117 |           expect($('#sort-name').hasClass('desc')).toBe(false)
> 118 |           expect($('#sort-name-asc').hasClass('asc')).toBe(true)
      |          ^ Duplicate Assert
  119 |           expect($('#sort-name-asc').hasClass('desc')).toBe(false)
  120 |           expect($('#sort-name-desc').hasClass('asc')).toBe(false)
  121 |           expect($('#sort-name-desc').hasClass('desc')).toBe(false)"
/home/gabriel/Disk/Research/research-javascript-test-smells/repositories/list.js/__test__/buttons.test.js,Duplicate Assert,"{'line': 118, 'column': 10, 'index': 3993}","  116 |           expect($('#sort-name').hasClass('asc')).toBe(true)
  117 |           expect($('#sort-name').hasClass('desc')).toBe(false)
> 118 |           expect($('#sort-name-asc').hasClass('asc')).toBe(true)
      |          ^ Duplicate Assert
  119 |           expect($('#sort-name-asc').hasClass('desc')).toBe(false)
  120 |           expect($('#sort-name-desc').hasClass('asc')).toBe(false)
  121 |           expect($('#sort-name-desc').hasClass('desc')).toBe(false)"
/home/gabriel/Disk/Research/research-javascript-test-smells/repositories/list.js/__test__/buttons.test.js,Duplicate Assert,"{'line': 119, 'column': 10, 'index': 4058}","  117 |           expect($('#sort-name').hasClass('desc')).toBe(false)
  118 |           expect($('#sort-name-asc').hasClass('asc')).toBe(true)
> 119 |           expect($('#sort-name-asc').hasClass('desc')).toBe(false)
      |          ^ Duplicate Assert
  120 |           expect($('#sort-name-desc').hasClass('asc')).toBe(false)
  121 |           expect($('#sort-name-desc').hasClass('desc')).toBe(false)
  122 |           setTimeout(function () {"
/home/gabriel/Disk/Research/research-javascript-test-smells/repositories/list.js/__test__/buttons.test.js,Duplicate Assert,"{'line': 119, 'column': 10, 'index': 4058}","  117 |           expect($('#sort-name').hasClass('desc')).toBe(false)
  118 |           expect($('#sort-name-asc').hasClass('asc')).toBe(true)
> 119 |           expect($('#sort-name-asc').hasClass('desc')).toBe(false)
      |          ^ Duplicate Assert
  120 |           expect($('#sort-name-desc').hasClass('asc')).toBe(false)
  121 |           expect($('#sort-name-desc').hasClass('desc')).toBe(false)
  122 |           setTimeout(function () {"
/home/gabriel/Disk/Research/research-javascript-test-smells/repositories/list.js/__test__/buttons.test.js,Duplicate Assert,"{'line': 120, 'column': 10, 'index': 4125}","  118 |           expect($('#sort-name-asc').hasClass('asc')).toBe(true)
  119 |           expect($('#sort-name-asc').hasClass('desc')).toBe(false)
> 120 |           expect($('#sort-name-desc').hasClass('asc')).toBe(false)
      |          ^ Duplicate Assert
  121 |           expect($('#sort-name-desc').hasClass('desc')).toBe(false)
  122 |           setTimeout(function () {
  123 |             fireClick($('#sort-name-asc')[0])"
/home/gabriel/Disk/Research/research-javascript-test-smells/repositories/list.js/__test__/buttons.test.js,Duplicate Assert,"{'line': 120, 'column': 10, 'index': 4125}","  118 |           expect($('#sort-name-asc').hasClass('asc')).toBe(true)
  119 |           expect($('#sort-name-asc').hasClass('desc')).toBe(false)
> 120 |           expect($('#sort-name-desc').hasClass('asc')).toBe(false)
      |          ^ Duplicate Assert
  121 |           expect($('#sort-name-desc').hasClass('desc')).toBe(false)
  122 |           setTimeout(function () {
  123 |             fireClick($('#sort-name-asc')[0])"
/home/gabriel/Disk/Research/research-javascript-test-smells/repositories/list.js/__test__/buttons.test.js,Duplicate Assert,"{'line': 121, 'column': 10, 'index': 4192}","  119 |           expect($('#sort-name-asc').hasClass('desc')).toBe(false)
  120 |           expect($('#sort-name-desc').hasClass('asc')).toBe(false)
> 121 |           expect($('#sort-name-desc').hasClass('desc')).toBe(false)
      |          ^ Duplicate Assert
  122 |           setTimeout(function () {
  123 |             fireClick($('#sort-name-asc')[0])
  124 |           }, 50)"
/home/gabriel/Disk/Research/research-javascript-test-smells/repositories/list.js/__test__/buttons.test.js,Duplicate Assert,"{'line': 121, 'column': 10, 'index': 4192}","  119 |           expect($('#sort-name-asc').hasClass('desc')).toBe(false)
  120 |           expect($('#sort-name-desc').hasClass('asc')).toBe(false)
> 121 |           expect($('#sort-name-desc').hasClass('desc')).toBe(false)
      |          ^ Duplicate Assert
  122 |           setTimeout(function () {
  123 |             fireClick($('#sort-name-asc')[0])
  124 |           }, 50)"
/home/gabriel/Disk/Research/research-javascript-test-smells/repositories/list.js/__test__/buttons.test.js,Duplicate Assert,"{'line': 126, 'column': 10, 'index': 4393}","  124 |           }, 50)
  125 |         } else if (sortRun == 3) {
> 126 |           expect($('#sort-name').hasClass('asc')).toBe(true)
      |          ^ Duplicate Assert
  127 |           expect($('#sort-name').hasClass('desc')).toBe(false)
  128 |           expect($('#sort-name-asc').hasClass('asc')).toBe(true)
  129 |           expect($('#sort-name-asc').hasClass('desc')).toBe(false)"
/home/gabriel/Disk/Research/research-javascript-test-smells/repositories/list.js/__test__/buttons.test.js,Duplicate Assert,"{'line': 126, 'column': 10, 'index': 4393}","  124 |           }, 50)
  125 |         } else if (sortRun == 3) {
> 126 |           expect($('#sort-name').hasClass('asc')).toBe(true)
      |          ^ Duplicate Assert
  127 |           expect($('#sort-name').hasClass('desc')).toBe(false)
  128 |           expect($('#sort-name-asc').hasClass('asc')).toBe(true)
  129 |           expect($('#sort-name-asc').hasClass('desc')).toBe(false)"
/home/gabriel/Disk/Research/research-javascript-test-smells/repositories/list.js/__test__/buttons.test.js,Duplicate Assert,"{'line': 127, 'column': 10, 'index': 4454}","  125 |         } else if (sortRun == 3) {
  126 |           expect($('#sort-name').hasClass('asc')).toBe(true)
> 127 |           expect($('#sort-name').hasClass('desc')).toBe(false)
      |          ^ Duplicate Assert
  128 |           expect($('#sort-name-asc').hasClass('asc')).toBe(true)
  129 |           expect($('#sort-name-asc').hasClass('desc')).toBe(false)
  130 |           expect($('#sort-name-desc').hasClass('asc')).toBe(false)"
/home/gabriel/Disk/Research/research-javascript-test-smells/repositories/list.js/__test__/buttons.test.js,Duplicate Assert,"{'line': 127, 'column': 10, 'index': 4454}","  125 |         } else if (sortRun == 3) {
  126 |           expect($('#sort-name').hasClass('asc')).toBe(true)
> 127 |           expect($('#sort-name').hasClass('desc')).toBe(false)
      |          ^ Duplicate Assert
  128 |           expect($('#sort-name-asc').hasClass('asc')).toBe(true)
  129 |           expect($('#sort-name-asc').hasClass('desc')).toBe(false)
  130 |           expect($('#sort-name-desc').hasClass('asc')).toBe(false)"
/home/gabriel/Disk/Research/research-javascript-test-smells/repositories/list.js/__test__/buttons.test.js,Duplicate Assert,"{'line': 128, 'column': 10, 'index': 4517}","  126 |           expect($('#sort-name').hasClass('asc')).toBe(true)
  127 |           expect($('#sort-name').hasClass('desc')).toBe(false)
> 128 |           expect($('#sort-name-asc').hasClass('asc')).toBe(true)
      |          ^ Duplicate Assert
  129 |           expect($('#sort-name-asc').hasClass('desc')).toBe(false)
  130 |           expect($('#sort-name-desc').hasClass('asc')).toBe(false)
  131 |           expect($('#sort-name-desc').hasClass('desc')).toBe(false)"
/home/gabriel/Disk/Research/research-javascript-test-smells/repositories/list.js/__test__/buttons.test.js,Duplicate Assert,"{'line': 128, 'column': 10, 'index': 4517}","  126 |           expect($('#sort-name').hasClass('asc')).toBe(true)
  127 |           expect($('#sort-name').hasClass('desc')).toBe(false)
> 128 |           expect($('#sort-name-asc').hasClass('asc')).toBe(true)
      |          ^ Duplicate Assert
  129 |           expect($('#sort-name-asc').hasClass('desc')).toBe(false)
  130 |           expect($('#sort-name-desc').hasClass('asc')).toBe(false)
  131 |           expect($('#sort-name-desc').hasClass('desc')).toBe(false)"
/home/gabriel/Disk/Research/research-javascript-test-smells/repositories/list.js/__test__/buttons.test.js,Duplicate Assert,"{'line': 129, 'column': 10, 'index': 4582}","  127 |           expect($('#sort-name').hasClass('desc')).toBe(false)
  128 |           expect($('#sort-name-asc').hasClass('asc')).toBe(true)
> 129 |           expect($('#sort-name-asc').hasClass('desc')).toBe(false)
      |          ^ Duplicate Assert
  130 |           expect($('#sort-name-desc').hasClass('asc')).toBe(false)
  131 |           expect($('#sort-name-desc').hasClass('desc')).toBe(false)
  132 |           setTimeout(function () {"
/home/gabriel/Disk/Research/research-javascript-test-smells/repositories/list.js/__test__/buttons.test.js,Duplicate Assert,"{'line': 129, 'column': 10, 'index': 4582}","  127 |           expect($('#sort-name').hasClass('desc')).toBe(false)
  128 |           expect($('#sort-name-asc').hasClass('asc')).toBe(true)
> 129 |           expect($('#sort-name-asc').hasClass('desc')).toBe(false)
      |          ^ Duplicate Assert
  130 |           expect($('#sort-name-desc').hasClass('asc')).toBe(false)
  131 |           expect($('#sort-name-desc').hasClass('desc')).toBe(false)
  132 |           setTimeout(function () {"
/home/gabriel/Disk/Research/research-javascript-test-smells/repositories/list.js/__test__/buttons.test.js,Duplicate Assert,"{'line': 130, 'column': 10, 'index': 4649}","  128 |           expect($('#sort-name-asc').hasClass('asc')).toBe(true)
  129 |           expect($('#sort-name-asc').hasClass('desc')).toBe(false)
> 130 |           expect($('#sort-name-desc').hasClass('asc')).toBe(false)
      |          ^ Duplicate Assert
  131 |           expect($('#sort-name-desc').hasClass('desc')).toBe(false)
  132 |           setTimeout(function () {
  133 |             fireClick($('#sort-name-desc')[0])"
/home/gabriel/Disk/Research/research-javascript-test-smells/repositories/list.js/__test__/buttons.test.js,Duplicate Assert,"{'line': 130, 'column': 10, 'index': 4649}","  128 |           expect($('#sort-name-asc').hasClass('asc')).toBe(true)
  129 |           expect($('#sort-name-asc').hasClass('desc')).toBe(false)
> 130 |           expect($('#sort-name-desc').hasClass('asc')).toBe(false)
      |          ^ Duplicate Assert
  131 |           expect($('#sort-name-desc').hasClass('desc')).toBe(false)
  132 |           setTimeout(function () {
  133 |             fireClick($('#sort-name-desc')[0])"
/home/gabriel/Disk/Research/research-javascript-test-smells/repositories/list.js/__test__/buttons.test.js,Duplicate Assert,"{'line': 131, 'column': 10, 'index': 4716}","  129 |           expect($('#sort-name-asc').hasClass('desc')).toBe(false)
  130 |           expect($('#sort-name-desc').hasClass('asc')).toBe(false)
> 131 |           expect($('#sort-name-desc').hasClass('desc')).toBe(false)
      |          ^ Duplicate Assert
  132 |           setTimeout(function () {
  133 |             fireClick($('#sort-name-desc')[0])
  134 |           }, 50)"
/home/gabriel/Disk/Research/research-javascript-test-smells/repositories/list.js/__test__/buttons.test.js,Duplicate Assert,"{'line': 131, 'column': 10, 'index': 4716}","  129 |           expect($('#sort-name-asc').hasClass('desc')).toBe(false)
  130 |           expect($('#sort-name-desc').hasClass('asc')).toBe(false)
> 131 |           expect($('#sort-name-desc').hasClass('desc')).toBe(false)
      |          ^ Duplicate Assert
  132 |           setTimeout(function () {
  133 |             fireClick($('#sort-name-desc')[0])
  134 |           }, 50)"
/home/gabriel/Disk/Research/research-javascript-test-smells/repositories/list.js/__test__/buttons.test.js,Duplicate Assert,"{'line': 136, 'column': 10, 'index': 4918}","  134 |           }, 50)
  135 |         } else if (sortRun == 4) {
> 136 |           expect($('#sort-name').hasClass('asc')).toBe(false)
      |          ^ Duplicate Assert
  137 |           expect($('#sort-name').hasClass('desc')).toBe(true)
  138 |           expect($('#sort-name-asc').hasClass('asc')).toBe(false)
  139 |           expect($('#sort-name-asc').hasClass('desc')).toBe(false)"
/home/gabriel/Disk/Research/research-javascript-test-smells/repositories/list.js/__test__/buttons.test.js,Duplicate Assert,"{'line': 136, 'column': 10, 'index': 4918}","  134 |           }, 50)
  135 |         } else if (sortRun == 4) {
> 136 |           expect($('#sort-name').hasClass('asc')).toBe(false)
      |          ^ Duplicate Assert
  137 |           expect($('#sort-name').hasClass('desc')).toBe(true)
  138 |           expect($('#sort-name-asc').hasClass('asc')).toBe(false)
  139 |           expect($('#sort-name-asc').hasClass('desc')).toBe(false)"
/home/gabriel/Disk/Research/research-javascript-test-smells/repositories/list.js/__test__/buttons.test.js,Duplicate Assert,"{'line': 137, 'column': 10, 'index': 4980}","  135 |         } else if (sortRun == 4) {
  136 |           expect($('#sort-name').hasClass('asc')).toBe(false)
> 137 |           expect($('#sort-name').hasClass('desc')).toBe(true)
      |          ^ Duplicate Assert
  138 |           expect($('#sort-name-asc').hasClass('asc')).toBe(false)
  139 |           expect($('#sort-name-asc').hasClass('desc')).toBe(false)
  140 |           expect($('#sort-name-desc').hasClass('asc')).toBe(false)"
/home/gabriel/Disk/Research/research-javascript-test-smells/repositories/list.js/__test__/buttons.test.js,Duplicate Assert,"{'line': 137, 'column': 10, 'index': 4980}","  135 |         } else if (sortRun == 4) {
  136 |           expect($('#sort-name').hasClass('asc')).toBe(false)
> 137 |           expect($('#sort-name').hasClass('desc')).toBe(true)
      |          ^ Duplicate Assert
  138 |           expect($('#sort-name-asc').hasClass('asc')).toBe(false)
  139 |           expect($('#sort-name-asc').hasClass('desc')).toBe(false)
  140 |           expect($('#sort-name-desc').hasClass('asc')).toBe(false)"
/home/gabriel/Disk/Research/research-javascript-test-smells/repositories/list.js/__test__/buttons.test.js,Duplicate Assert,"{'line': 138, 'column': 10, 'index': 5042}","  136 |           expect($('#sort-name').hasClass('asc')).toBe(false)
  137 |           expect($('#sort-name').hasClass('desc')).toBe(true)
> 138 |           expect($('#sort-name-asc').hasClass('asc')).toBe(false)
      |          ^ Duplicate Assert
  139 |           expect($('#sort-name-asc').hasClass('desc')).toBe(false)
  140 |           expect($('#sort-name-desc').hasClass('asc')).toBe(false)
  141 |           expect($('#sort-name-desc').hasClass('desc')).toBe(true)"
/home/gabriel/Disk/Research/research-javascript-test-smells/repositories/list.js/__test__/buttons.test.js,Duplicate Assert,"{'line': 138, 'column': 10, 'index': 5042}","  136 |           expect($('#sort-name').hasClass('asc')).toBe(false)
  137 |           expect($('#sort-name').hasClass('desc')).toBe(true)
> 138 |           expect($('#sort-name-asc').hasClass('asc')).toBe(false)
      |          ^ Duplicate Assert
  139 |           expect($('#sort-name-asc').hasClass('desc')).toBe(false)
  140 |           expect($('#sort-name-desc').hasClass('asc')).toBe(false)
  141 |           expect($('#sort-name-desc').hasClass('desc')).toBe(true)"
/home/gabriel/Disk/Research/research-javascript-test-smells/repositories/list.js/__test__/buttons.test.js,Duplicate Assert,"{'line': 139, 'column': 10, 'index': 5108}","  137 |           expect($('#sort-name').hasClass('desc')).toBe(true)
  138 |           expect($('#sort-name-asc').hasClass('asc')).toBe(false)
> 139 |           expect($('#sort-name-asc').hasClass('desc')).toBe(false)
      |          ^ Duplicate Assert
  140 |           expect($('#sort-name-desc').hasClass('asc')).toBe(false)
  141 |           expect($('#sort-name-desc').hasClass('desc')).toBe(true)
  142 |           setTimeout(function () {"
/home/gabriel/Disk/Research/research-javascript-test-smells/repositories/list.js/__test__/buttons.test.js,Duplicate Assert,"{'line': 139, 'column': 10, 'index': 5108}","  137 |           expect($('#sort-name').hasClass('desc')).toBe(true)
  138 |           expect($('#sort-name-asc').hasClass('asc')).toBe(false)
> 139 |           expect($('#sort-name-asc').hasClass('desc')).toBe(false)
      |          ^ Duplicate Assert
  140 |           expect($('#sort-name-desc').hasClass('asc')).toBe(false)
  141 |           expect($('#sort-name-desc').hasClass('desc')).toBe(true)
  142 |           setTimeout(function () {"
/home/gabriel/Disk/Research/research-javascript-test-smells/repositories/list.js/__test__/buttons.test.js,Duplicate Assert,"{'line': 140, 'column': 10, 'index': 5175}","  138 |           expect($('#sort-name-asc').hasClass('asc')).toBe(false)
  139 |           expect($('#sort-name-asc').hasClass('desc')).toBe(false)
> 140 |           expect($('#sort-name-desc').hasClass('asc')).toBe(false)
      |          ^ Duplicate Assert
  141 |           expect($('#sort-name-desc').hasClass('desc')).toBe(true)
  142 |           setTimeout(function () {
  143 |             fireClick($('#sort-name-desc')[0])"
/home/gabriel/Disk/Research/research-javascript-test-smells/repositories/list.js/__test__/buttons.test.js,Duplicate Assert,"{'line': 140, 'column': 10, 'index': 5175}","  138 |           expect($('#sort-name-asc').hasClass('asc')).toBe(false)
  139 |           expect($('#sort-name-asc').hasClass('desc')).toBe(false)
> 140 |           expect($('#sort-name-desc').hasClass('asc')).toBe(false)
      |          ^ Duplicate Assert
  141 |           expect($('#sort-name-desc').hasClass('desc')).toBe(true)
  142 |           setTimeout(function () {
  143 |             fireClick($('#sort-name-desc')[0])"
/home/gabriel/Disk/Research/research-javascript-test-smells/repositories/list.js/__test__/buttons.test.js,Duplicate Assert,"{'line': 141, 'column': 10, 'index': 5242}","  139 |           expect($('#sort-name-asc').hasClass('desc')).toBe(false)
  140 |           expect($('#sort-name-desc').hasClass('asc')).toBe(false)
> 141 |           expect($('#sort-name-desc').hasClass('desc')).toBe(true)
      |          ^ Duplicate Assert
  142 |           setTimeout(function () {
  143 |             fireClick($('#sort-name-desc')[0])
  144 |           }, 50)"
/home/gabriel/Disk/Research/research-javascript-test-smells/repositories/list.js/__test__/buttons.test.js,Duplicate Assert,"{'line': 141, 'column': 10, 'index': 5242}","  139 |           expect($('#sort-name-asc').hasClass('desc')).toBe(false)
  140 |           expect($('#sort-name-desc').hasClass('asc')).toBe(false)
> 141 |           expect($('#sort-name-desc').hasClass('desc')).toBe(true)
      |          ^ Duplicate Assert
  142 |           setTimeout(function () {
  143 |             fireClick($('#sort-name-desc')[0])
  144 |           }, 50)"
/home/gabriel/Disk/Research/research-javascript-test-smells/repositories/list.js/__test__/buttons.test.js,Duplicate Assert,"{'line': 146, 'column': 10, 'index': 5443}","  144 |           }, 50)
  145 |         } else if (sortRun == 5) {
> 146 |           expect($('#sort-name').hasClass('asc')).toBe(false)
      |          ^ Duplicate Assert
  147 |           expect($('#sort-name').hasClass('desc')).toBe(true)
  148 |           expect($('#sort-name-asc').hasClass('asc')).toBe(false)
  149 |           expect($('#sort-name-asc').hasClass('desc')).toBe(false)"
/home/gabriel/Disk/Research/research-javascript-test-smells/repositories/list.js/__test__/buttons.test.js,Duplicate Assert,"{'line': 146, 'column': 10, 'index': 5443}","  144 |           }, 50)
  145 |         } else if (sortRun == 5) {
> 146 |           expect($('#sort-name').hasClass('asc')).toBe(false)
      |          ^ Duplicate Assert
  147 |           expect($('#sort-name').hasClass('desc')).toBe(true)
  148 |           expect($('#sort-name-asc').hasClass('asc')).toBe(false)
  149 |           expect($('#sort-name-asc').hasClass('desc')).toBe(false)"
/home/gabriel/Disk/Research/research-javascript-test-smells/repositories/list.js/__test__/buttons.test.js,Duplicate Assert,"{'line': 147, 'column': 10, 'index': 5505}","  145 |         } else if (sortRun == 5) {
  146 |           expect($('#sort-name').hasClass('asc')).toBe(false)
> 147 |           expect($('#sort-name').hasClass('desc')).toBe(true)
      |          ^ Duplicate Assert
  148 |           expect($('#sort-name-asc').hasClass('asc')).toBe(false)
  149 |           expect($('#sort-name-asc').hasClass('desc')).toBe(false)
  150 |           expect($('#sort-name-desc').hasClass('asc')).toBe(false)"
/home/gabriel/Disk/Research/research-javascript-test-smells/repositories/list.js/__test__/buttons.test.js,Duplicate Assert,"{'line': 147, 'column': 10, 'index': 5505}","  145 |         } else if (sortRun == 5) {
  146 |           expect($('#sort-name').hasClass('asc')).toBe(false)
> 147 |           expect($('#sort-name').hasClass('desc')).toBe(true)
      |          ^ Duplicate Assert
  148 |           expect($('#sort-name-asc').hasClass('asc')).toBe(false)
  149 |           expect($('#sort-name-asc').hasClass('desc')).toBe(false)
  150 |           expect($('#sort-name-desc').hasClass('asc')).toBe(false)"
/home/gabriel/Disk/Research/research-javascript-test-smells/repositories/list.js/__test__/buttons.test.js,Duplicate Assert,"{'line': 148, 'column': 10, 'index': 5567}","  146 |           expect($('#sort-name').hasClass('asc')).toBe(false)
  147 |           expect($('#sort-name').hasClass('desc')).toBe(true)
> 148 |           expect($('#sort-name-asc').hasClass('asc')).toBe(false)
      |          ^ Duplicate Assert
  149 |           expect($('#sort-name-asc').hasClass('desc')).toBe(false)
  150 |           expect($('#sort-name-desc').hasClass('asc')).toBe(false)
  151 |           expect($('#sort-name-desc').hasClass('desc')).toBe(true)"
/home/gabriel/Disk/Research/research-javascript-test-smells/repositories/list.js/__test__/buttons.test.js,Duplicate Assert,"{'line': 148, 'column': 10, 'index': 5567}","  146 |           expect($('#sort-name').hasClass('asc')).toBe(false)
  147 |           expect($('#sort-name').hasClass('desc')).toBe(true)
> 148 |           expect($('#sort-name-asc').hasClass('asc')).toBe(false)
      |          ^ Duplicate Assert
  149 |           expect($('#sort-name-asc').hasClass('desc')).toBe(false)
  150 |           expect($('#sort-name-desc').hasClass('asc')).toBe(false)
  151 |           expect($('#sort-name-desc').hasClass('desc')).toBe(true)"
/home/gabriel/Disk/Research/research-javascript-test-smells/repositories/list.js/__test__/buttons.test.js,Duplicate Assert,"{'line': 149, 'column': 10, 'index': 5633}","  147 |           expect($('#sort-name').hasClass('desc')).toBe(true)
  148 |           expect($('#sort-name-asc').hasClass('asc')).toBe(false)
> 149 |           expect($('#sort-name-asc').hasClass('desc')).toBe(false)
      |          ^ Duplicate Assert
  150 |           expect($('#sort-name-desc').hasClass('asc')).toBe(false)
  151 |           expect($('#sort-name-desc').hasClass('desc')).toBe(true)
  152 |           done()"
/home/gabriel/Disk/Research/research-javascript-test-smells/repositories/list.js/__test__/buttons.test.js,Duplicate Assert,"{'line': 149, 'column': 10, 'index': 5633}","  147 |           expect($('#sort-name').hasClass('desc')).toBe(true)
  148 |           expect($('#sort-name-asc').hasClass('asc')).toBe(false)
> 149 |           expect($('#sort-name-asc').hasClass('desc')).toBe(false)
      |          ^ Duplicate Assert
  150 |           expect($('#sort-name-desc').hasClass('asc')).toBe(false)
  151 |           expect($('#sort-name-desc').hasClass('desc')).toBe(true)
  152 |           done()"
/home/gabriel/Disk/Research/research-javascript-test-smells/repositories/list.js/__test__/buttons.test.js,Duplicate Assert,"{'line': 150, 'column': 10, 'index': 5700}","  148 |           expect($('#sort-name-asc').hasClass('asc')).toBe(false)
  149 |           expect($('#sort-name-asc').hasClass('desc')).toBe(false)
> 150 |           expect($('#sort-name-desc').hasClass('asc')).toBe(false)
      |          ^ Duplicate Assert
  151 |           expect($('#sort-name-desc').hasClass('desc')).toBe(true)
  152 |           done()
  153 |         }"
/home/gabriel/Disk/Research/research-javascript-test-smells/repositories/list.js/__test__/buttons.test.js,Duplicate Assert,"{'line': 150, 'column': 10, 'index': 5700}","  148 |           expect($('#sort-name-asc').hasClass('asc')).toBe(false)
  149 |           expect($('#sort-name-asc').hasClass('desc')).toBe(false)
> 150 |           expect($('#sort-name-desc').hasClass('asc')).toBe(false)
      |          ^ Duplicate Assert
  151 |           expect($('#sort-name-desc').hasClass('desc')).toBe(true)
  152 |           done()
  153 |         }"
/home/gabriel/Disk/Research/research-javascript-test-smells/repositories/list.js/__test__/buttons.test.js,Duplicate Assert,"{'line': 151, 'column': 10, 'index': 5767}","  149 |           expect($('#sort-name-asc').hasClass('desc')).toBe(false)
  150 |           expect($('#sort-name-desc').hasClass('asc')).toBe(false)
> 151 |           expect($('#sort-name-desc').hasClass('desc')).toBe(true)
      |          ^ Duplicate Assert
  152 |           done()
  153 |         }
  154 |       })"
/home/gabriel/Disk/Research/research-javascript-test-smells/repositories/list.js/__test__/buttons.test.js,Duplicate Assert,"{'line': 151, 'column': 10, 'index': 5767}","  149 |           expect($('#sort-name-asc').hasClass('desc')).toBe(false)
  150 |           expect($('#sort-name-desc').hasClass('asc')).toBe(false)
> 151 |           expect($('#sort-name-desc').hasClass('desc')).toBe(true)
      |          ^ Duplicate Assert
  152 |           done()
  153 |         }
  154 |       })"
/home/gabriel/Disk/Research/research-javascript-test-smells/repositories/list.js/__test__/buttons.test.js,Duplicate Assert,"{'line': 155, 'column': 6, 'index': 5866}","  153 |         }
  154 |       })
> 155 |       expect($('#sort-name').hasClass('asc')).toBe(false)
      |      ^ Duplicate Assert
  156 |       expect($('#sort-name').hasClass('desc')).toBe(false)
  157 |       expect($('#sort-name-asc').hasClass('asc')).toBe(false)
  158 |       expect($('#sort-name-asc').hasClass('desc')).toBe(false)"
/home/gabriel/Disk/Research/research-javascript-test-smells/repositories/list.js/__test__/buttons.test.js,Duplicate Assert,"{'line': 155, 'column': 6, 'index': 5866}","  153 |         }
  154 |       })
> 155 |       expect($('#sort-name').hasClass('asc')).toBe(false)
      |      ^ Duplicate Assert
  156 |       expect($('#sort-name').hasClass('desc')).toBe(false)
  157 |       expect($('#sort-name-asc').hasClass('asc')).toBe(false)
  158 |       expect($('#sort-name-asc').hasClass('desc')).toBe(false)"
/home/gabriel/Disk/Research/research-javascript-test-smells/repositories/list.js/__test__/buttons.test.js,Duplicate Assert,"{'line': 156, 'column': 6, 'index': 5924}","  154 |       })
  155 |       expect($('#sort-name').hasClass('asc')).toBe(false)
> 156 |       expect($('#sort-name').hasClass('desc')).toBe(false)
      |      ^ Duplicate Assert
  157 |       expect($('#sort-name-asc').hasClass('asc')).toBe(false)
  158 |       expect($('#sort-name-asc').hasClass('desc')).toBe(false)
  159 |       expect($('#sort-name-desc').hasClass('asc')).toBe(false)"
/home/gabriel/Disk/Research/research-javascript-test-smells/repositories/list.js/__test__/buttons.test.js,Duplicate Assert,"{'line': 156, 'column': 6, 'index': 5924}","  154 |       })
  155 |       expect($('#sort-name').hasClass('asc')).toBe(false)
> 156 |       expect($('#sort-name').hasClass('desc')).toBe(false)
      |      ^ Duplicate Assert
  157 |       expect($('#sort-name-asc').hasClass('asc')).toBe(false)
  158 |       expect($('#sort-name-asc').hasClass('desc')).toBe(false)
  159 |       expect($('#sort-name-desc').hasClass('asc')).toBe(false)"
/home/gabriel/Disk/Research/research-javascript-test-smells/repositories/list.js/__test__/buttons.test.js,Duplicate Assert,"{'line': 157, 'column': 6, 'index': 5983}","  155 |       expect($('#sort-name').hasClass('asc')).toBe(false)
  156 |       expect($('#sort-name').hasClass('desc')).toBe(false)
> 157 |       expect($('#sort-name-asc').hasClass('asc')).toBe(false)
      |      ^ Duplicate Assert
  158 |       expect($('#sort-name-asc').hasClass('desc')).toBe(false)
  159 |       expect($('#sort-name-desc').hasClass('asc')).toBe(false)
  160 |       expect($('#sort-name-desc').hasClass('desc')).toBe(false)"
/home/gabriel/Disk/Research/research-javascript-test-smells/repositories/list.js/__test__/buttons.test.js,Duplicate Assert,"{'line': 157, 'column': 6, 'index': 5983}","  155 |       expect($('#sort-name').hasClass('asc')).toBe(false)
  156 |       expect($('#sort-name').hasClass('desc')).toBe(false)
> 157 |       expect($('#sort-name-asc').hasClass('asc')).toBe(false)
      |      ^ Duplicate Assert
  158 |       expect($('#sort-name-asc').hasClass('desc')).toBe(false)
  159 |       expect($('#sort-name-desc').hasClass('asc')).toBe(false)
  160 |       expect($('#sort-name-desc').hasClass('desc')).toBe(false)"
/home/gabriel/Disk/Research/research-javascript-test-smells/repositories/list.js/__test__/buttons.test.js,Duplicate Assert,"{'line': 158, 'column': 6, 'index': 6045}","  156 |       expect($('#sort-name').hasClass('desc')).toBe(false)
  157 |       expect($('#sort-name-asc').hasClass('asc')).toBe(false)
> 158 |       expect($('#sort-name-asc').hasClass('desc')).toBe(false)
      |      ^ Duplicate Assert
  159 |       expect($('#sort-name-desc').hasClass('asc')).toBe(false)
  160 |       expect($('#sort-name-desc').hasClass('desc')).toBe(false)
  161 |       fireClick($('#sort-name-asc')[0])"
/home/gabriel/Disk/Research/research-javascript-test-smells/repositories/list.js/__test__/buttons.test.js,Duplicate Assert,"{'line': 158, 'column': 6, 'index': 6045}","  156 |       expect($('#sort-name').hasClass('desc')).toBe(false)
  157 |       expect($('#sort-name-asc').hasClass('asc')).toBe(false)
> 158 |       expect($('#sort-name-asc').hasClass('desc')).toBe(false)
      |      ^ Duplicate Assert
  159 |       expect($('#sort-name-desc').hasClass('asc')).toBe(false)
  160 |       expect($('#sort-name-desc').hasClass('desc')).toBe(false)
  161 |       fireClick($('#sort-name-asc')[0])"
/home/gabriel/Disk/Research/research-javascript-test-smells/repositories/list.js/__test__/buttons.test.js,Duplicate Assert,"{'line': 159, 'column': 6, 'index': 6108}","  157 |       expect($('#sort-name-asc').hasClass('asc')).toBe(false)
  158 |       expect($('#sort-name-asc').hasClass('desc')).toBe(false)
> 159 |       expect($('#sort-name-desc').hasClass('asc')).toBe(false)
      |      ^ Duplicate Assert
  160 |       expect($('#sort-name-desc').hasClass('desc')).toBe(false)
  161 |       fireClick($('#sort-name-asc')[0])
  162 |     })"
/home/gabriel/Disk/Research/research-javascript-test-smells/repositories/list.js/__test__/buttons.test.js,Duplicate Assert,"{'line': 159, 'column': 6, 'index': 6108}","  157 |       expect($('#sort-name-asc').hasClass('asc')).toBe(false)
  158 |       expect($('#sort-name-asc').hasClass('desc')).toBe(false)
> 159 |       expect($('#sort-name-desc').hasClass('asc')).toBe(false)
      |      ^ Duplicate Assert
  160 |       expect($('#sort-name-desc').hasClass('desc')).toBe(false)
  161 |       fireClick($('#sort-name-asc')[0])
  162 |     })"
/home/gabriel/Disk/Research/research-javascript-test-smells/repositories/list.js/__test__/buttons.test.js,Duplicate Assert,"{'line': 160, 'column': 6, 'index': 6171}","  158 |       expect($('#sort-name-asc').hasClass('desc')).toBe(false)
  159 |       expect($('#sort-name-desc').hasClass('asc')).toBe(false)
> 160 |       expect($('#sort-name-desc').hasClass('desc')).toBe(false)
      |      ^ Duplicate Assert
  161 |       fireClick($('#sort-name-asc')[0])
  162 |     })
  163 |"
/home/gabriel/Disk/Research/research-javascript-test-smells/repositories/list.js/__test__/buttons.test.js,Duplicate Assert,"{'line': 160, 'column': 6, 'index': 6171}","  158 |       expect($('#sort-name-asc').hasClass('desc')).toBe(false)
  159 |       expect($('#sort-name-desc').hasClass('asc')).toBe(false)
> 160 |       expect($('#sort-name-desc').hasClass('desc')).toBe(false)
      |      ^ Duplicate Assert
  161 |       fireClick($('#sort-name-asc')[0])
  162 |     })
  163 |"
/home/gabriel/Disk/Research/research-javascript-test-smells/repositories/list.js/__test__/buttons.test.js,Global Variable,"{'line': 6, 'column': 4, 'index': 122}","  4 | function fireKeyup(el) {
  5 |   if (document.createEvent) {
> 6 |     var evObj
    |    ^ Global Variable
  7 |     if (window.KeyEvent) {
  8 |       evObj = document.createEvent('KeyEvents')
  9 |       evObj.initKeyEvent('keyup', true, true, window, false, false, false, false, 13, 0)"
/home/gabriel/Disk/Research/research-javascript-test-smells/repositories/list.js/__test__/buttons.test.js,Global Variable,"{'line': 24, 'column': 2, 'index': 699}","  22 | // http://stackoverflow.com/questions/5658849/whats-the-equivalent-of-jquerys-trigger-method-without-jquery
  23 | function fireClick(el) {
> 24 |   var evt
     |  ^ Global Variable
  25 |   if (document.createEvent) {
  26 |     evt = document.createEvent('MouseEvents')
  27 |     evt.initMouseEvent('click', true, true, window, 0, 0, 0, 0, 0, false, false, false, false, 0, null)"
/home/gabriel/Disk/Research/research-javascript-test-smells/repositories/list.js/__test__/buttons.test.js,Global Variable,"{'line': 33, 'column': 2, 'index': 984}","  31 |
  32 | describe('Button', function () {
> 33 |   var list
     |  ^ Global Variable
  34 |
  35 |   beforeEach(function () {
  36 |     $('body').append("
/home/gabriel/Disk/Research/research-javascript-test-smells/repositories/list.js/__test__/buttons.test.js,Global Variable,"{'line': 75, 'column': 6, 'index': 2228}","  73 |
  74 |     it('should switch sorting order when clicking multiple times', function (done) {
> 75 |       var sortRun = 0
     |      ^ Global Variable
  76 |       list.on('sortComplete', function () {
  77 |         sortRun++
  78 |         if (sortRun == 1) {"
/home/gabriel/Disk/Research/research-javascript-test-smells/repositories/list.js/__test__/buttons.test.js,Global Variable,"{'line': 102, 'column': 6, 'index': 3229}","  100 |
  101 |     it('should sort with predefined order', function (done) {
> 102 |       var sortRun = 0
      |      ^ Global Variable
  103 |       list.on('sortComplete', function () {
  104 |         sortRun++
  105 |         if (sortRun == 1) {"
/home/gabriel/Disk/Research/research-javascript-test-smells/repositories/list.js/__test__/buttons.test.js,Sleepy Test,"{'line': 81, 'column': 10, 'index': 2468}","  79 |           expect($('#sort-name').hasClass('asc')).toBe(true)
  80 |           expect($('#sort-name').hasClass('desc')).toBe(false)
> 81 |           setTimeout(function () {
     |          ^ Sleepy Test
  82 |             fireClick($('#sort-name')[0])
  83 |           }, 50)
  84 |         } else if (sortRun == 2) {"
/home/gabriel/Disk/Research/research-javascript-test-smells/repositories/list.js/__test__/buttons.test.js,Sleepy Test,"{'line': 87, 'column': 10, 'index': 2721}","  85 |           expect($('#sort-name').hasClass('asc')).toBe(false)
  86 |           expect($('#sort-name').hasClass('desc')).toBe(true)
> 87 |           setTimeout(function () {
     |          ^ Sleepy Test
  88 |             fireClick($('#sort-name')[0])
  89 |           }, 50)
  90 |         } else if (sortRun == 3) {"
/home/gabriel/Disk/Research/research-javascript-test-smells/repositories/list.js/__test__/buttons.test.js,Sleepy Test,"{'line': 112, 'column': 10, 'index': 3736}","  110 |           expect($('#sort-name-desc').hasClass('asc')).toBe(false)
  111 |           expect($('#sort-name-desc').hasClass('desc')).toBe(false)
> 112 |           setTimeout(function () {
      |          ^ Sleepy Test
  113 |             fireClick($('#sort-name-asc')[0])
  114 |           }, 50)
  115 |         } else if (sortRun == 2) {"
/home/gabriel/Disk/Research/research-javascript-test-smells/repositories/list.js/__test__/buttons.test.js,Sleepy Test,"{'line': 122, 'column': 10, 'index': 4260}","  120 |           expect($('#sort-name-desc').hasClass('asc')).toBe(false)
  121 |           expect($('#sort-name-desc').hasClass('desc')).toBe(false)
> 122 |           setTimeout(function () {
      |          ^ Sleepy Test
  123 |             fireClick($('#sort-name-asc')[0])
  124 |           }, 50)
  125 |         } else if (sortRun == 3) {"
/home/gabriel/Disk/Research/research-javascript-test-smells/repositories/list.js/__test__/buttons.test.js,Sleepy Test,"{'line': 132, 'column': 10, 'index': 4784}","  130 |           expect($('#sort-name-desc').hasClass('asc')).toBe(false)
  131 |           expect($('#sort-name-desc').hasClass('desc')).toBe(false)
> 132 |           setTimeout(function () {
      |          ^ Sleepy Test
  133 |             fireClick($('#sort-name-desc')[0])
  134 |           }, 50)
  135 |         } else if (sortRun == 4) {"
/home/gabriel/Disk/Research/research-javascript-test-smells/repositories/list.js/__test__/buttons.test.js,Sleepy Test,"{'line': 142, 'column': 10, 'index': 5309}","  140 |           expect($('#sort-name-desc').hasClass('asc')).toBe(false)
  141 |           expect($('#sort-name-desc').hasClass('desc')).toBe(true)
> 142 |           setTimeout(function () {
      |          ^ Sleepy Test
  143 |             fireClick($('#sort-name-desc')[0])
  144 |           }, 50)
  145 |         } else if (sortRun == 5) {"
/home/gabriel/Disk/Research/research-javascript-test-smells/repositories/list.js/__test__/buttons.test.js,Unknown Test,"{'column': 4, 'line': 61}","  59 |
  60 |   describe('Sort', function () {
> 61 |     it('should trigger sortStart', function (done) {
     |    ^ Unknown Test
  62 |       list.on('sortComplete', function () {
  63 |         done()
  64 |       })"
/home/gabriel/Disk/Research/research-javascript-test-smells/repositories/list.js/__test__/buttons.test.js,Unknown Test,"{'column': 4, 'line': 67}","  65 |       fireClick($('#sort-name')[0])
  66 |     })
> 67 |     it('should trigger sortComplete', function (done) {
     |    ^ Unknown Test
  68 |       list.on('sortComplete', function () {
  69 |         done()
  70 |       })"
/home/gabriel/Disk/Research/research-javascript-test-smells/repositories/list.js/__test__/buttons.test.js,Unknown Test,"{'column': 4, 'line': 179}","  177 |
  178 |   describe('Search', function () {
> 179 |     it('should trigger searchStart', function (done) {
      |    ^ Unknown Test
  180 |       list.on('searchStart', function () {
  181 |         done()
  182 |       })"
/home/gabriel/Disk/Research/research-javascript-test-smells/repositories/list.js/__test__/buttons.test.js,Unknown Test,"{'column': 4, 'line': 186}","  184 |       fireKeyup($('#parse-list .search')[0])
  185 |     })
> 186 |     it('should trigger searchComplete', function (done) {
      |    ^ Unknown Test
  187 |       list.on('searchComplete', function () {
  188 |         done()
  189 |       })"
/home/gabriel/Disk/Research/research-javascript-test-smells/repositories/list.js/__test__/add-get-remove.test.js,Duplicate Assert,"{'line': 158, 'column': 6, 'index': 4220}","  156 |     it('should remove one item', function () {
  157 |       list.add({ name: 'Jonas' })
> 158 |       expect(list.items.length).toEqual(2)
      |      ^ Duplicate Assert
  159 |       var count = list.remove('name', 'Jonas')
  160 |       expect(count).toEqual(1)
  161 |       expect(list.items.length).toEqual(1)"
/home/gabriel/Disk/Research/research-javascript-test-smells/repositories/list.js/__test__/add-get-remove.test.js,Duplicate Assert,"{'line': 161, 'column': 6, 'index': 4341}","  159 |       var count = list.remove('name', 'Jonas')
  160 |       expect(count).toEqual(1)
> 161 |       expect(list.items.length).toEqual(1)
      |      ^ Duplicate Assert
  162 |     })
  163 |     it('should not remove anything due to case sensitivity', function () {
  164 |       var count = list.remove('name', 'jonny')"
/home/gabriel/Disk/Research/research-javascript-test-smells/repositories/list.js/__test__/add-get-remove.test.js,Duplicate Assert,"{'line': 187, 'column': 6, 'index': 5215}","  185 |       list.add({ name: 'Jonny' })
  186 |       list.add({ name: 'Jonny' })
> 187 |       expect(list.items.length).toEqual(10)
      |      ^ Duplicate Assert
  188 |       var count = list.remove('name', 'Jonny')
  189 |       expect(count).toEqual(8)
  190 |       expect(list.items.length).toEqual(2)"
/home/gabriel/Disk/Research/research-javascript-test-smells/repositories/list.js/__test__/add-get-remove.test.js,Duplicate Assert,"{'line': 190, 'column': 6, 'index': 5337}","  188 |       var count = list.remove('name', 'Jonny')
  189 |       expect(count).toEqual(8)
> 190 |       expect(list.items.length).toEqual(2)
      |      ^ Duplicate Assert
  191 |     })
  192 |   })
  193 | })"
/home/gabriel/Disk/Research/research-javascript-test-smells/repositories/list.js/__test__/add-get-remove.test.js,Global Variable,"{'line': 4, 'column': 2, 'index': 84}","  2 |
  3 | describe('Add, get, remove', function () {
> 4 |   var list
    |  ^ Global Variable
  5 |
  6 |   beforeAll(function () {
  7 |     list = fixture.list(['name'], [{ name: 'Jonny' }])"
/home/gabriel/Disk/Research/research-javascript-test-smells/repositories/list.js/__test__/add-get-remove.test.js,Global Variable,"{'line': 29, 'column': 6, 'index': 690}","  27 |     })
  28 |     it('should add async items', function (done) {
> 29 |       var itemsToAdd = [
     |      ^ Global Variable
  30 |         { name: 'Sven' },
  31 |         { name: 'Sven' },
  32 |         { name: 'Sven' },"
/home/gabriel/Disk/Research/research-javascript-test-smells/repositories/list.js/__test__/add-get-remove.test.js,Global Variable,"{'line': 139, 'column': 6, 'index': 3578}","  137 |   describe('Get', function () {
  138 |     it('should return array with one item', function () {
> 139 |       var items = list.get('name', 'Jonny')
      |      ^ Global Variable
  140 |       expect(items[0].values().name).toEqual('Jonny')
  141 |     })
  142 |     it('should return empty array', function () {"
/home/gabriel/Disk/Research/research-javascript-test-smells/repositories/list.js/__test__/add-get-remove.test.js,Global Variable,"{'line': 143, 'column': 6, 'index': 3733}","  141 |     })
  142 |     it('should return empty array', function () {
> 143 |       var items = list.get('name', 'jonny')
      |      ^ Global Variable
  144 |       expect(items.length).toBe(0)
  145 |     })
  146 |     it('should return two items', function () {"
/home/gabriel/Disk/Research/research-javascript-test-smells/repositories/list.js/__test__/add-get-remove.test.js,Global Variable,"{'line': 148, 'column': 6, 'index': 3901}","  146 |     it('should return two items', function () {
  147 |       list.add({ name: 'Jonny' })
> 148 |       var items = list.get('name', 'Jonny')
      |      ^ Global Variable
  149 |       expect(items.length).toEqual(2)
  150 |       expect(items[0].values().name).toEqual('Jonny')
  151 |       expect(items[1].values().name).toEqual('Jonny')"
/home/gabriel/Disk/Research/research-javascript-test-smells/repositories/list.js/__test__/add-get-remove.test.js,Global Variable,"{'line': 159, 'column': 6, 'index': 4263}","  157 |       list.add({ name: 'Jonas' })
  158 |       expect(list.items.length).toEqual(2)
> 159 |       var count = list.remove('name', 'Jonas')
      |      ^ Global Variable
  160 |       expect(count).toEqual(1)
  161 |       expect(list.items.length).toEqual(1)
  162 |     })"
/home/gabriel/Disk/Research/research-javascript-test-smells/repositories/list.js/__test__/add-get-remove.test.js,Global Variable,"{'line': 164, 'column': 6, 'index': 4466}","  162 |     })
  163 |     it('should not remove anything due to case sensitivity', function () {
> 164 |       var count = list.remove('name', 'jonny')
      |      ^ Global Variable
  165 |       expect(count).toBe(0)
  166 |       expect(list.items.length).toEqual(1)
  167 |     })"
/home/gabriel/Disk/Research/research-javascript-test-smells/repositories/list.js/__test__/add-get-remove.test.js,Global Variable,"{'line': 170, 'column': 6, 'index': 4650}","  168 |
  169 |     it('should avoid node not found error', function () {
> 170 |       var item = list.get('name', 'Jonny')[0]
      |      ^ Global Variable
  171 |       list.list.removeChild(item.elm)
  172 |       var count = list.remove('name', 'Jonny')
  173 |       expect(count).toBe(1)"
/home/gabriel/Disk/Research/research-javascript-test-smells/repositories/list.js/__test__/add-get-remove.test.js,Global Variable,"{'line': 172, 'column': 6, 'index': 4734}","  170 |       var item = list.get('name', 'Jonny')[0]
  171 |       list.list.removeChild(item.elm)
> 172 |       var count = list.remove('name', 'Jonny')
      |      ^ Global Variable
  173 |       expect(count).toBe(1)
  174 |       expect(list.items.length).toEqual(0)
  175 |     })"
/home/gabriel/Disk/Research/research-javascript-test-smells/repositories/list.js/__test__/add-get-remove.test.js,Global Variable,"{'line': 188, 'column': 6, 'index': 5259}","  186 |       list.add({ name: 'Jonny' })
  187 |       expect(list.items.length).toEqual(10)
> 188 |       var count = list.remove('name', 'Jonny')
      |      ^ Global Variable
  189 |       expect(count).toEqual(8)
  190 |       expect(list.items.length).toEqual(2)
  191 |     })"
/home/gabriel/Disk/Research/research-javascript-test-smells/repositories/list.js/__test__/add-get-remove.test.js,Magic Number,"{'line': 22, 'column': 40, 'index': 468}","  20 |     it('should add one item', function () {
  21 |       list.add({ name: 'Jonas' })
> 22 |       expect(list.items.length).toEqual(2)
     |                                        ^ Magic Number
  23 |     })
  24 |     it('should add two items', function () {
  25 |       list.add([{ name: 'Martina' }, { name: 'Angelica' }])"
/home/gabriel/Disk/Research/research-javascript-test-smells/repositories/list.js/__test__/add-get-remove.test.js,Magic Number,"{'line': 26, 'column': 40, 'index': 623}","  24 |     it('should add two items', function () {
  25 |       list.add([{ name: 'Martina' }, { name: 'Angelica' }])
> 26 |       expect(list.items.length).toEqual(3)
     |                                        ^ Magic Number
  27 |     })
  28 |     it('should add async items', function (done) {
  29 |       var itemsToAdd = ["
/home/gabriel/Disk/Research/research-javascript-test-smells/repositories/list.js/__test__/add-get-remove.test.js,Magic Number,"{'line': 122, 'column': 42, 'index': 3145}","  120 |       ]
  121 |       list.add(itemsToAdd, function (items) {
> 122 |         expect(list.items.length).toEqual(91)
      |                                          ^ Magic Number
  123 |         expect(items.length).toEqual(90)
  124 |         expect(itemsToAdd.length).toEqual(90)
  125 |         done()"
/home/gabriel/Disk/Research/research-javascript-test-smells/repositories/list.js/__test__/add-get-remove.test.js,Magic Number,"{'line': 123, 'column': 37, 'index': 3186}","  121 |       list.add(itemsToAdd, function (items) {
  122 |         expect(list.items.length).toEqual(91)
> 123 |         expect(items.length).toEqual(90)
      |                                     ^ Magic Number
  124 |         expect(itemsToAdd.length).toEqual(90)
  125 |         done()
  126 |       })"
/home/gabriel/Disk/Research/research-javascript-test-smells/repositories/list.js/__test__/add-get-remove.test.js,Magic Number,"{'line': 124, 'column': 42, 'index': 3232}","  122 |         expect(list.items.length).toEqual(91)
  123 |         expect(items.length).toEqual(90)
> 124 |         expect(itemsToAdd.length).toEqual(90)
      |                                          ^ Magic Number
  125 |         done()
  126 |       })
  127 |     })"
/home/gabriel/Disk/Research/research-javascript-test-smells/repositories/list.js/__test__/add-get-remove.test.js,Magic Number,"{'line': 131, 'column': 42, 'index': 3442}","  129 |       list.clear()
  130 |       list.add([{ name: 'Sven' }], function () {
> 131 |         expect(list.items.length).toEqual(1)
      |                                          ^ Magic Number
  132 |         done()
  133 |       })
  134 |     })"
/home/gabriel/Disk/Research/research-javascript-test-smells/repositories/list.js/__test__/add-get-remove.test.js,Magic Number,"{'line': 144, 'column': 32, 'index': 3803}","  142 |     it('should return empty array', function () {
  143 |       var items = list.get('name', 'jonny')
> 144 |       expect(items.length).toBe(0)
      |                                ^ Magic Number
  145 |     })
  146 |     it('should return two items', function () {
  147 |       list.add({ name: 'Jonny' })"
/home/gabriel/Disk/Research/research-javascript-test-smells/repositories/list.js/__test__/add-get-remove.test.js,Magic Number,"{'line': 149, 'column': 35, 'index': 3974}","  147 |       list.add({ name: 'Jonny' })
  148 |       var items = list.get('name', 'Jonny')
> 149 |       expect(items.length).toEqual(2)
      |                                   ^ Magic Number
  150 |       expect(items[0].values().name).toEqual('Jonny')
  151 |       expect(items[1].values().name).toEqual('Jonny')
  152 |     })"
/home/gabriel/Disk/Research/research-javascript-test-smells/repositories/list.js/__test__/add-get-remove.test.js,Magic Number,"{'line': 158, 'column': 40, 'index': 4254}","  156 |     it('should remove one item', function () {
  157 |       list.add({ name: 'Jonas' })
> 158 |       expect(list.items.length).toEqual(2)
      |                                        ^ Magic Number
  159 |       var count = list.remove('name', 'Jonas')
  160 |       expect(count).toEqual(1)
  161 |       expect(list.items.length).toEqual(1)"
/home/gabriel/Disk/Research/research-javascript-test-smells/repositories/list.js/__test__/add-get-remove.test.js,Magic Number,"{'line': 160, 'column': 28, 'index': 4332}","  158 |       expect(list.items.length).toEqual(2)
  159 |       var count = list.remove('name', 'Jonas')
> 160 |       expect(count).toEqual(1)
      |                            ^ Magic Number
  161 |       expect(list.items.length).toEqual(1)
  162 |     })
  163 |     it('should not remove anything due to case sensitivity', function () {"
/home/gabriel/Disk/Research/research-javascript-test-smells/repositories/list.js/__test__/add-get-remove.test.js,Magic Number,"{'line': 161, 'column': 40, 'index': 4375}","  159 |       var count = list.remove('name', 'Jonas')
  160 |       expect(count).toEqual(1)
> 161 |       expect(list.items.length).toEqual(1)
      |                                        ^ Magic Number
  162 |     })
  163 |     it('should not remove anything due to case sensitivity', function () {
  164 |       var count = list.remove('name', 'jonny')"
/home/gabriel/Disk/Research/research-javascript-test-smells/repositories/list.js/__test__/add-get-remove.test.js,Magic Number,"{'line': 165, 'column': 25, 'index': 4532}","  163 |     it('should not remove anything due to case sensitivity', function () {
  164 |       var count = list.remove('name', 'jonny')
> 165 |       expect(count).toBe(0)
      |                         ^ Magic Number
  166 |       expect(list.items.length).toEqual(1)
  167 |     })
  168 |"
/home/gabriel/Disk/Research/research-javascript-test-smells/repositories/list.js/__test__/add-get-remove.test.js,Magic Number,"{'line': 166, 'column': 40, 'index': 4575}","  164 |       var count = list.remove('name', 'jonny')
  165 |       expect(count).toBe(0)
> 166 |       expect(list.items.length).toEqual(1)
      |                                        ^ Magic Number
  167 |     })
  168 |
  169 |     it('should avoid node not found error', function () {"
/home/gabriel/Disk/Research/research-javascript-test-smells/repositories/list.js/__test__/add-get-remove.test.js,Magic Number,"{'line': 173, 'column': 25, 'index': 4800}","  171 |       list.list.removeChild(item.elm)
  172 |       var count = list.remove('name', 'Jonny')
> 173 |       expect(count).toBe(1)
      |                         ^ Magic Number
  174 |       expect(list.items.length).toEqual(0)
  175 |     })
  176 |"
/home/gabriel/Disk/Research/research-javascript-test-smells/repositories/list.js/__test__/add-get-remove.test.js,Magic Number,"{'line': 174, 'column': 40, 'index': 4843}","  172 |       var count = list.remove('name', 'Jonny')
  173 |       expect(count).toBe(1)
> 174 |       expect(list.items.length).toEqual(0)
      |                                        ^ Magic Number
  175 |     })
  176 |
  177 |     it('should remove eight items', function () {"
/home/gabriel/Disk/Research/research-javascript-test-smells/repositories/list.js/__test__/add-get-remove.test.js,Magic Number,"{'line': 187, 'column': 40, 'index': 5249}","  185 |       list.add({ name: 'Jonny' })
  186 |       list.add({ name: 'Jonny' })
> 187 |       expect(list.items.length).toEqual(10)
      |                                        ^ Magic Number
  188 |       var count = list.remove('name', 'Jonny')
  189 |       expect(count).toEqual(8)
  190 |       expect(list.items.length).toEqual(2)"
/home/gabriel/Disk/Research/research-javascript-test-smells/repositories/list.js/__test__/add-get-remove.test.js,Magic Number,"{'line': 189, 'column': 28, 'index': 5328}","  187 |       expect(list.items.length).toEqual(10)
  188 |       var count = list.remove('name', 'Jonny')
> 189 |       expect(count).toEqual(8)
      |                            ^ Magic Number
  190 |       expect(list.items.length).toEqual(2)
  191 |     })
  192 |   })"
/home/gabriel/Disk/Research/research-javascript-test-smells/repositories/list.js/__test__/add-get-remove.test.js,Magic Number,"{'line': 190, 'column': 40, 'index': 5371}","  188 |       var count = list.remove('name', 'Jonny')
  189 |       expect(count).toEqual(8)
> 190 |       expect(list.items.length).toEqual(2)
      |                                        ^ Magic Number
  191 |     })
  192 |   })
  193 | })"
